Sample	0	1	2	3	4	5	6	7	8	9	10	11	12	13	14	15	16	17	18	19	20	21	22	23	24	25	26	27	28	29	30
CZP-1_S3_R1_001	(12.0, 1.0)	(13.0, 1.0)	(14.0, 1.0)	(15.0, 12.0)	(16.0, 69.0)	(17.0, 279.0)	(18.0, 796.0)	(19.0, 1994.0)	(20.0, 4456.0)	(21.0, 8871.0)	(22.0, 15886.0)	(23.0, 26190.0)	(24.0, 40276.0)	(25.0, 58776.0)	(26.0, 82329.0)	(27.0, 111315.0)	(28.0, 144482.0)	(29.0, 181274.0)	(30.0, 223489.0)	(31.0, 269915.0)	(32.0, 324848.0)	(33.0, 389528.0)	(34.0, 475332.0)	(35.0, 593178.0)	(36.0, 777818.0)	(37.0, 1121028.0)	(38.0, 1945675.0)	(39.0, 4869971.0)	(40.0, 7900150.0)		
CZP-1_S3_R2_001	(11.0, 33.0)	(12.0, 372.0)	(13.0, 1479.0)	(14.0, 4687.0)	(15.0, 13504.0)	(16.0, 29579.0)	(17.0, 47319.0)	(18.0, 61239.0)	(19.0, 76251.0)	(20.0, 94452.0)	(21.0, 116212.0)	(22.0, 141636.0)	(23.0, 170691.0)	(24.0, 206410.0)	(25.0, 249925.0)	(26.0, 301683.0)	(27.0, 357892.0)	(28.0, 418792.0)	(29.0, 492087.0)	(30.0, 582790.0)	(31.0, 702405.0)	(32.0, 862371.0)	(33.0, 1066754.0)	(34.0, 1347063.0)	(35.0, 1720839.0)	(36.0, 2204457.0)	(37.0, 2752267.0)	(38.0, 3067613.0)	(39.0, 2190990.0)	(40.0, 286148.0)	
CZP-2_S4_R1_001	(13.0, 1.0)	(14.0, 2.0)	(15.0, 24.0)	(16.0, 138.0)	(17.0, 493.0)	(18.0, 1370.0)	(19.0, 4081.0)	(20.0, 10000.0)	(21.0, 20141.0)	(22.0, 36623.0)	(23.0, 61529.0)	(24.0, 96777.0)	(25.0, 142838.0)	(26.0, 201693.0)	(27.0, 271868.0)	(28.0, 352610.0)	(29.0, 444135.0)	(30.0, 545709.0)	(31.0, 659631.0)	(32.0, 794135.0)	(33.0, 957065.0)	(34.0, 1165101.0)	(35.0, 1453839.0)	(36.0, 1904173.0)	(37.0, 2740049.0)	(38.0, 4776303.0)	(39.0, 12258136.0)	(40.0, 20200546.0)			
CZP-2_S4_R2_001	(10.0, 2.0)	(11.0, 77.0)	(12.0, 774.0)	(13.0, 3046.0)	(14.0, 9699.0)	(15.0, 27116.0)	(16.0, 60150.0)	(17.0, 98181.0)	(18.0, 130378.0)	(19.0, 164611.0)	(20.0, 205154.0)	(21.0, 254178.0)	(22.0, 312915.0)	(23.0, 381516.0)	(24.0, 465843.0)	(25.0, 566084.0)	(26.0, 685288.0)	(27.0, 813020.0)	(28.0, 955224.0)	(29.0, 1126949.0)	(30.0, 1344158.0)	(31.0, 1628176.0)	(32.0, 2006209.0)	(33.0, 2526193.0)	(34.0, 3249384.0)	(35.0, 4254395.0)	(36.0, 5605275.0)	(37.0, 7220974.0)	(38.0, 8262167.0)	(39.0, 5970528.0)	(40.0, 771346.0)
ELP-1_S49_R1_001	(12.0, 1.0)	(13.0, 7.0)	(14.0, 10.0)	(15.0, 55.0)	(16.0, 258.0)	(17.0, 708.0)	(18.0, 1665.0)	(19.0, 3946.0)	(20.0, 8848.0)	(21.0, 18011.0)	(22.0, 32171.0)	(23.0, 52686.0)	(24.0, 82676.0)	(25.0, 119682.0)	(26.0, 167069.0)	(27.0, 224272.0)	(28.0, 291075.0)	(29.0, 365440.0)	(30.0, 450826.0)	(31.0, 546567.0)	(32.0, 660025.0)	(33.0, 796104.0)	(34.0, 966225.0)	(35.0, 1197691.0)	(36.0, 1552602.0)	(37.0, 2188214.0)	(38.0, 3697994.0)	(39.0, 9230097.0)	(40.0, 15313748.0)		
ELP-1_S49_R2_001	(10.0, 3.0)	(11.0, 127.0)	(12.0, 1584.0)	(13.0, 5594.0)	(14.0, 15163.0)	(15.0, 38832.0)	(16.0, 83069.0)	(17.0, 128898.0)	(18.0, 160452.0)	(19.0, 187652.0)	(20.0, 223337.0)	(21.0, 265984.0)	(22.0, 315028.0)	(23.0, 374198.0)	(24.0, 445199.0)	(25.0, 528711.0)	(26.0, 627828.0)	(27.0, 733388.0)	(28.0, 850175.0)	(29.0, 986704.0)	(30.0, 1155573.0)	(31.0, 1372535.0)	(32.0, 1653844.0)	(33.0, 2032416.0)	(34.0, 2543558.0)	(35.0, 3240371.0)	(36.0, 4164242.0)	(37.0, 5235113.0)	(38.0, 5852593.0)	(39.0, 4198710.0)	(40.0, 547792.0)
FRUpstream-1_S1_R1_001	(15.0, 2.0)	(16.0, 14.0)	(17.0, 32.0)	(18.0, 113.0)	(19.0, 458.0)	(20.0, 1196.0)	(21.0, 2632.0)	(22.0, 4707.0)	(23.0, 7852.0)	(24.0, 12418.0)	(25.0, 17873.0)	(26.0, 25337.0)	(27.0, 33904.0)	(28.0, 43419.0)	(29.0, 54507.0)	(30.0, 66200.0)	(31.0, 80455.0)	(32.0, 96829.0)	(33.0, 115678.0)	(34.0, 139725.0)	(35.0, 172775.0)	(36.0, 222746.0)	(37.0, 312756.0)	(38.0, 524718.0)	(39.0, 1309898.0)	(40.0, 2303712.0)					
FRUpstream-1_S1_R2_001	(11.0, 14.0)	(12.0, 193.0)	(13.0, 632.0)	(14.0, 1599.0)	(15.0, 3715.0)	(16.0, 7565.0)	(17.0, 11804.0)	(18.0, 15856.0)	(19.0, 20150.0)	(20.0, 24959.0)	(21.0, 31066.0)	(22.0, 38184.0)	(23.0, 46650.0)	(24.0, 57392.0)	(25.0, 69122.0)	(26.0, 83715.0)	(27.0, 99671.0)	(28.0, 115425.0)	(29.0, 134087.0)	(30.0, 157942.0)	(31.0, 188137.0)	(32.0, 228779.0)	(33.0, 285460.0)	(34.0, 364612.0)	(35.0, 475566.0)	(36.0, 631044.0)	(37.0, 815525.0)	(38.0, 918707.0)	(39.0, 642701.0)	(40.0, 79684.0)	
FRUpstream-2_S2_R1_001	(15.0, 2.0)	(16.0, 11.0)	(17.0, 34.0)	(18.0, 115.0)	(19.0, 400.0)	(20.0, 1089.0)	(21.0, 2267.0)	(22.0, 4177.0)	(23.0, 7086.0)	(24.0, 10762.0)	(25.0, 16130.0)	(26.0, 22545.0)	(27.0, 29688.0)	(28.0, 38368.0)	(29.0, 47875.0)	(30.0, 58202.0)	(31.0, 71008.0)	(32.0, 84871.0)	(33.0, 101472.0)	(34.0, 122939.0)	(35.0, 152010.0)	(36.0, 195542.0)	(37.0, 274602.0)	(38.0, 462197.0)	(39.0, 1152265.0)	(40.0, 1933671.0)					
FRUpstream-2_S2_R2_001	(11.0, 13.0)	(12.0, 111.0)	(13.0, 371.0)	(14.0, 970.0)	(15.0, 2452.0)	(16.0, 5648.0)	(17.0, 9533.0)	(18.0, 13212.0)	(19.0, 17131.0)	(20.0, 21416.0)	(21.0, 27100.0)	(22.0, 33691.0)	(23.0, 41206.0)	(24.0, 50867.0)	(25.0, 61429.0)	(26.0, 74213.0)	(27.0, 88425.0)	(28.0, 102760.0)	(29.0, 118329.0)	(30.0, 138879.0)	(31.0, 164448.0)	(32.0, 201279.0)	(33.0, 249003.0)	(34.0, 317850.0)	(35.0, 416631.0)	(36.0, 548540.0)	(37.0, 702002.0)	(38.0, 778655.0)	(39.0, 536248.0)	(40.0, 66916.0)	
FZP-1_S50_R1_001	(12.0, 1.0)	(13.0, 1.0)	(14.0, 6.0)	(15.0, 33.0)	(16.0, 173.0)	(17.0, 456.0)	(18.0, 998.0)	(19.0, 2251.0)	(20.0, 4726.0)	(21.0, 9466.0)	(22.0, 16317.0)	(23.0, 26695.0)	(24.0, 40925.0)	(25.0, 58551.0)	(26.0, 81673.0)	(27.0, 107402.0)	(28.0, 137885.0)	(29.0, 173359.0)	(30.0, 211583.0)	(31.0, 255408.0)	(32.0, 307351.0)	(33.0, 369298.0)	(34.0, 447192.0)	(35.0, 554484.0)	(36.0, 716526.0)	(37.0, 1007120.0)	(38.0, 1684372.0)	(39.0, 4084828.0)	(40.0, 6634861.0)		
FZP-1_S50_R2_001	(11.0, 119.0)	(12.0, 1328.0)	(13.0, 4569.0)	(14.0, 10720.0)	(15.0, 24821.0)	(16.0, 48302.0)	(17.0, 72479.0)	(18.0, 88181.0)	(19.0, 101260.0)	(20.0, 118220.0)	(21.0, 138095.0)	(22.0, 162280.0)	(23.0, 191183.0)	(24.0, 223288.0)	(25.0, 262622.0)	(26.0, 308296.0)	(27.0, 358516.0)	(28.0, 413836.0)	(29.0, 476468.0)	(30.0, 552868.0)	(31.0, 650645.0)	(32.0, 775767.0)	(33.0, 938241.0)	(34.0, 1147894.0)	(35.0, 1431203.0)	(36.0, 1791482.0)	(37.0, 2205204.0)	(38.0, 2439288.0)	(39.0, 1760307.0)	(40.0, 236459.0)	
FZP-2_S51_R1_001	(13.0, 1.0)	(14.0, 1.0)	(15.0, 10.0)	(16.0, 37.0)	(17.0, 131.0)	(18.0, 377.0)	(19.0, 1155.0)	(20.0, 2711.0)	(21.0, 5454.0)	(22.0, 10077.0)	(23.0, 16406.0)	(24.0, 26129.0)	(25.0, 38407.0)	(26.0, 54829.0)	(27.0, 73753.0)	(28.0, 95796.0)	(29.0, 121489.0)	(30.0, 150441.0)	(31.0, 181852.0)	(32.0, 220524.0)	(33.0, 267179.0)	(34.0, 325263.0)	(35.0, 406111.0)	(36.0, 532502.0)	(37.0, 759776.0)	(38.0, 1308988.0)	(39.0, 3324777.0)	(40.0, 5509089.0)			
FZP-2_S51_R2_001	(11.0, 35.0)	(12.0, 389.0)	(13.0, 1438.0)	(14.0, 4013.0)	(15.0, 10570.0)	(16.0, 22100.0)	(17.0, 34198.0)	(18.0, 43852.0)	(19.0, 53405.0)	(20.0, 65544.0)	(21.0, 78358.0)	(22.0, 95829.0)	(23.0, 114976.0)	(24.0, 138939.0)	(25.0, 166856.0)	(26.0, 200043.0)	(27.0, 236582.0)	(28.0, 276098.0)	(29.0, 323650.0)	(30.0, 382465.0)	(31.0, 460528.0)	(32.0, 561727.0)	(33.0, 702451.0)	(34.0, 893295.0)	(35.0, 1157201.0)	(36.0, 1514745.0)	(37.0, 1942703.0)	(38.0, 2207148.0)	(39.0, 1556049.0)	(40.0, 188078.0)	
FZP-3_S52_R1_001	(12.0, 1.0)	(13.0, 0.0)	(14.0, 1.0)	(15.0, 22.0)	(16.0, 88.0)	(17.0, 238.0)	(18.0, 655.0)	(19.0, 1502.0)	(20.0, 3040.0)	(21.0, 6027.0)	(22.0, 10378.0)	(23.0, 16878.0)	(24.0, 25413.0)	(25.0, 37193.0)	(26.0, 52245.0)	(27.0, 69567.0)	(28.0, 90499.0)	(29.0, 114218.0)	(30.0, 139374.0)	(31.0, 169031.0)	(32.0, 203421.0)	(33.0, 246704.0)	(34.0, 301895.0)	(35.0, 376560.0)	(36.0, 493417.0)	(37.0, 709720.0)	(38.0, 1227616.0)	(39.0, 3122778.0)	(40.0, 5033301.0)		
FZP-3_S52_R2_001	(11.0, 15.0)	(12.0, 225.0)	(13.0, 851.0)	(14.0, 2590.0)	(15.0, 7298.0)	(16.0, 15945.0)	(17.0, 25187.0)	(18.0, 33752.0)	(19.0, 42305.0)	(20.0, 52681.0)	(21.0, 64899.0)	(22.0, 79057.0)	(23.0, 96377.0)	(24.0, 117454.0)	(25.0, 143182.0)	(26.0, 173068.0)	(27.0, 205263.0)	(28.0, 241545.0)	(29.0, 285578.0)	(30.0, 341618.0)	(31.0, 414241.0)	(32.0, 513625.0)	(33.0, 647123.0)	(34.0, 827977.0)	(35.0, 1077887.0)	(36.0, 1415681.0)	(37.0, 1818996.0)	(38.0, 2094379.0)	(39.0, 1516694.0)	(40.0, 196289.0)	
HFP-1_S53_R1_001	(13.0, 2.0)	(14.0, 1.0)	(15.0, 5.0)	(16.0, 33.0)	(17.0, 140.0)	(18.0, 392.0)	(19.0, 992.0)	(20.0, 2427.0)	(21.0, 4844.0)	(22.0, 8568.0)	(23.0, 14290.0)	(24.0, 22414.0)	(25.0, 33141.0)	(26.0, 47056.0)	(27.0, 63470.0)	(28.0, 82938.0)	(29.0, 104194.0)	(30.0, 128606.0)	(31.0, 156780.0)	(32.0, 188782.0)	(33.0, 227883.0)	(34.0, 279893.0)	(35.0, 350738.0)	(36.0, 462144.0)	(37.0, 667358.0)	(38.0, 1157266.0)	(39.0, 2909728.0)	(40.0, 4797357.0)			
HFP-1_S53_R2_001	(11.0, 27.0)	(12.0, 183.0)	(13.0, 689.0)	(14.0, 2329.0)	(15.0, 6694.0)	(16.0, 14670.0)	(17.0, 23531.0)	(18.0, 31440.0)	(19.0, 39611.0)	(20.0, 49683.0)	(21.0, 61344.0)	(22.0, 75029.0)	(23.0, 92139.0)	(24.0, 111762.0)	(25.0, 137755.0)	(26.0, 167468.0)	(27.0, 199775.0)	(28.0, 235640.0)	(29.0, 277717.0)	(30.0, 331880.0)	(31.0, 403338.0)	(32.0, 496844.0)	(33.0, 620300.0)	(34.0, 787804.0)	(35.0, 1013270.0)	(36.0, 1308113.0)	(37.0, 1673429.0)	(38.0, 1936007.0)	(39.0, 1428273.0)	(40.0, 184698.0)	
KTP-10_S22_R1_001	(12.0, 2.0)	(13.0, 0.0)	(14.0, 6.0)	(15.0, 43.0)	(16.0, 193.0)	(17.0, 597.0)	(18.0, 1628.0)	(19.0, 3958.0)	(20.0, 9170.0)	(21.0, 18090.0)	(22.0, 32093.0)	(23.0, 52619.0)	(24.0, 79731.0)	(25.0, 115719.0)	(26.0, 161469.0)	(27.0, 213010.0)	(28.0, 273123.0)	(29.0, 340417.0)	(30.0, 418059.0)	(31.0, 505012.0)	(32.0, 606781.0)	(33.0, 730707.0)	(34.0, 884055.0)	(35.0, 1100119.0)	(36.0, 1423350.0)	(37.0, 2010830.0)	(38.0, 3372219.0)	(39.0, 7996234.0)	(40.0, 12438419.0)		
KTP-10_S22_R2_001	(10.0, 1.0)	(11.0, 112.0)	(12.0, 1482.0)	(13.0, 5887.0)	(14.0, 16550.0)	(15.0, 42522.0)	(16.0, 88968.0)	(17.0, 135643.0)	(18.0, 167070.0)	(19.0, 195352.0)	(20.0, 229860.0)	(21.0, 272579.0)	(22.0, 321479.0)	(23.0, 378848.0)	(24.0, 448601.0)	(25.0, 532532.0)	(26.0, 627258.0)	(27.0, 729747.0)	(28.0, 842771.0)	(29.0, 973469.0)	(30.0, 1133523.0)	(31.0, 1333319.0)	(32.0, 1584433.0)	(33.0, 1907601.0)	(34.0, 2321181.0)	(35.0, 2851167.0)	(36.0, 3503928.0)	(37.0, 4207726.0)	(38.0, 4494857.0)	(39.0, 3061946.0)	(40.0, 377241.0)
KTP-11_S23_R1_001	(12.0, 2.0)	(13.0, 0.0)	(14.0, 3.0)	(15.0, 14.0)	(16.0, 69.0)	(17.0, 254.0)	(18.0, 682.0)	(19.0, 1516.0)	(20.0, 3284.0)	(21.0, 6315.0)	(22.0, 10889.0)	(23.0, 17992.0)	(24.0, 27702.0)	(25.0, 40441.0)	(26.0, 56059.0)	(27.0, 75873.0)	(28.0, 97826.0)	(29.0, 123451.0)	(30.0, 151561.0)	(31.0, 182059.0)	(32.0, 220559.0)	(33.0, 266028.0)	(34.0, 325819.0)	(35.0, 411966.0)	(36.0, 543261.0)	(37.0, 794578.0)	(38.0, 1383108.0)	(39.0, 3275818.0)	(40.0, 4682296.0)		
KTP-11_S23_R2_001	(10.0, 2.0)	(11.0, 30.0)	(12.0, 273.0)	(13.0, 1102.0)	(14.0, 3588.0)	(15.0, 9961.0)	(16.0, 21596.0)	(17.0, 34258.0)	(18.0, 45260.0)	(19.0, 56570.0)	(20.0, 69492.0)	(21.0, 85208.0)	(22.0, 103324.0)	(23.0, 125200.0)	(24.0, 151501.0)	(25.0, 183334.0)	(26.0, 221463.0)	(27.0, 262211.0)	(28.0, 307024.0)	(29.0, 358627.0)	(30.0, 423965.0)	(31.0, 507041.0)	(32.0, 613738.0)	(33.0, 752324.0)	(34.0, 927610.0)	(35.0, 1149943.0)	(36.0, 1422034.0)	(37.0, 1702978.0)	(38.0, 1806951.0)	(39.0, 1209487.0)	(40.0, 143330.0)
KTP-12_S24_R1_001	(14.0, 2.0)	(15.0, 12.0)	(16.0, 45.0)	(17.0, 194.0)	(18.0, 516.0)	(19.0, 1550.0)	(20.0, 3680.0)	(21.0, 7421.0)	(22.0, 13265.0)	(23.0, 21779.0)	(24.0, 34273.0)	(25.0, 50501.0)	(26.0, 71542.0)	(27.0, 95720.0)	(28.0, 124794.0)	(29.0, 157022.0)	(30.0, 193918.0)	(31.0, 234904.0)	(32.0, 283493.0)	(33.0, 341722.0)	(34.0, 415447.0)	(35.0, 519019.0)	(36.0, 680507.0)	(37.0, 979970.0)	(38.0, 1695105.0)	(39.0, 4299785.0)	(40.0, 7050921.0)				
KTP-12_S24_R2_001	(11.0, 26.0)	(12.0, 331.0)	(13.0, 1389.0)	(14.0, 4246.0)	(15.0, 11721.0)	(16.0, 26183.0)	(17.0, 41508.0)	(18.0, 53874.0)	(19.0, 66548.0)	(20.0, 81491.0)	(21.0, 100757.0)	(22.0, 122377.0)	(23.0, 148147.0)	(24.0, 179552.0)	(25.0, 217917.0)	(26.0, 263233.0)	(27.0, 311826.0)	(28.0, 364298.0)	(29.0, 427659.0)	(30.0, 505077.0)	(31.0, 606404.0)	(32.0, 742145.0)	(33.0, 926725.0)	(34.0, 1179074.0)	(35.0, 1523918.0)	(36.0, 1975706.0)	(37.0, 2498800.0)	(38.0, 2769262.0)	(39.0, 1900528.0)	(40.0, 226385.0)	
KTP-13_S25_R1_001	(14.0, 3.0)	(15.0, 10.0)	(16.0, 61.0)	(17.0, 228.0)	(18.0, 573.0)	(19.0, 1490.0)	(20.0, 3348.0)	(21.0, 6722.0)	(22.0, 12022.0)	(23.0, 20265.0)	(24.0, 31838.0)	(25.0, 46737.0)	(26.0, 65062.0)	(27.0, 87269.0)	(28.0, 113765.0)	(29.0, 142445.0)	(30.0, 176051.0)	(31.0, 213471.0)	(32.0, 257180.0)	(33.0, 310869.0)	(34.0, 378628.0)	(35.0, 475221.0)	(36.0, 625462.0)	(37.0, 901392.0)	(38.0, 1546077.0)	(39.0, 3682156.0)	(40.0, 5744003.0)				
KTP-13_S25_R2_001	(10.0, 3.0)	(11.0, 21.0)	(12.0, 319.0)	(13.0, 1417.0)	(14.0, 4448.0)	(15.0, 11984.0)	(16.0, 26157.0)	(17.0, 41363.0)	(18.0, 53672.0)	(19.0, 66325.0)	(20.0, 79953.0)	(21.0, 97429.0)	(22.0, 117304.0)	(23.0, 140721.0)	(24.0, 169099.0)	(25.0, 202159.0)	(26.0, 241966.0)	(27.0, 286122.0)	(28.0, 336378.0)	(29.0, 397125.0)	(30.0, 470609.0)	(31.0, 565601.0)	(32.0, 686963.0)	(33.0, 842438.0)	(34.0, 1041356.0)	(35.0, 1298408.0)	(36.0, 1620527.0)	(37.0, 1988637.0)	(38.0, 2207987.0)	(39.0, 1620926.0)	(40.0, 224931.0)
KTP-14_S26_R1_001	(14.0, 4.0)	(15.0, 25.0)	(16.0, 126.0)	(17.0, 398.0)	(18.0, 834.0)	(19.0, 2091.0)	(20.0, 4655.0)	(21.0, 9075.0)	(22.0, 16104.0)	(23.0, 26118.0)	(24.0, 40637.0)	(25.0, 59389.0)	(26.0, 83298.0)	(27.0, 111340.0)	(28.0, 143802.0)	(29.0, 179583.0)	(30.0, 220465.0)	(31.0, 267211.0)	(32.0, 321353.0)	(33.0, 387585.0)	(34.0, 471971.0)	(35.0, 589716.0)	(36.0, 772911.0)	(37.0, 1116426.0)	(38.0, 1926474.0)	(39.0, 4666067.0)	(40.0, 6718823.0)				
KTP-14_S26_R2_001	(10.0, 2.0)	(11.0, 64.0)	(12.0, 673.0)	(13.0, 2535.0)	(14.0, 7342.0)	(15.0, 19971.0)	(16.0, 42214.0)	(17.0, 64167.0)	(18.0, 81765.0)	(19.0, 98908.0)	(20.0, 118054.0)	(21.0, 140888.0)	(22.0, 168008.0)	(23.0, 199302.0)	(24.0, 237293.0)	(25.0, 281034.0)	(26.0, 331861.0)	(27.0, 388782.0)	(28.0, 450101.0)	(29.0, 522101.0)	(30.0, 610807.0)	(31.0, 723352.0)	(32.0, 866873.0)	(33.0, 1058038.0)	(34.0, 1307514.0)	(35.0, 1631152.0)	(36.0, 2031461.0)	(37.0, 2439752.0)	(38.0, 2534346.0)	(39.0, 1603692.0)	(40.0, 174429.0)
KTP-15_S27_R1_001	(12.0, 1.0)	(13.0, 1.0)	(14.0, 6.0)	(15.0, 20.0)	(16.0, 71.0)	(17.0, 232.0)	(18.0, 648.0)	(19.0, 1753.0)	(20.0, 4176.0)	(21.0, 8638.0)	(22.0, 15512.0)	(23.0, 25537.0)	(24.0, 39487.0)	(25.0, 57551.0)	(26.0, 79853.0)	(27.0, 107188.0)	(28.0, 137817.0)	(29.0, 173044.0)	(30.0, 212980.0)	(31.0, 258163.0)	(32.0, 309672.0)	(33.0, 373514.0)	(34.0, 453276.0)	(35.0, 564015.0)	(36.0, 731263.0)	(37.0, 1030737.0)	(38.0, 1729758.0)	(39.0, 4144248.0)	(40.0, 6570245.0)		
KTP-15_S27_R2_001	(10.0, 2.0)	(11.0, 49.0)	(12.0, 701.0)	(13.0, 2814.0)	(14.0, 8294.0)	(15.0, 21965.0)	(16.0, 46652.0)	(17.0, 71256.0)	(18.0, 88300.0)	(19.0, 104177.0)	(20.0, 121055.0)	(21.0, 143723.0)	(22.0, 169154.0)	(23.0, 199184.0)	(24.0, 235147.0)	(25.0, 276711.0)	(26.0, 325025.0)	(27.0, 377350.0)	(28.0, 434901.0)	(29.0, 499881.0)	(30.0, 580307.0)	(31.0, 681569.0)	(32.0, 808471.0)	(33.0, 974761.0)	(34.0, 1186950.0)	(35.0, 1466835.0)	(36.0, 1818334.0)	(37.0, 2194522.0)	(38.0, 2359418.0)	(39.0, 1625565.0)	(40.0, 206333.0)
KTP-16_S28_R1_001	(14.0, 5.0)	(15.0, 27.0)	(16.0, 137.0)	(17.0, 356.0)	(18.0, 771.0)	(19.0, 1734.0)	(20.0, 3806.0)	(21.0, 7192.0)	(22.0, 12684.0)	(23.0, 20846.0)	(24.0, 31771.0)	(25.0, 46408.0)	(26.0, 64211.0)	(27.0, 86099.0)	(28.0, 110256.0)	(29.0, 137805.0)	(30.0, 170344.0)	(31.0, 206279.0)	(32.0, 247807.0)	(33.0, 299191.0)	(34.0, 362711.0)	(35.0, 452102.0)	(36.0, 589310.0)	(37.0, 839059.0)	(38.0, 1415485.0)	(39.0, 3339805.0)	(40.0, 5208184.0)				
KTP-16_S28_R2_001	(10.0, 2.0)	(11.0, 60.0)	(12.0, 592.0)	(13.0, 2232.0)	(14.0, 6391.0)	(15.0, 17080.0)	(16.0, 36129.0)	(17.0, 54601.0)	(18.0, 68026.0)	(19.0, 80147.0)	(20.0, 94876.0)	(21.0, 111683.0)	(22.0, 132928.0)	(23.0, 156718.0)	(24.0, 184742.0)	(25.0, 219143.0)	(26.0, 257419.0)	(27.0, 300661.0)	(28.0, 350493.0)	(29.0, 408112.0)	(30.0, 480222.0)	(31.0, 567512.0)	(32.0, 676489.0)	(33.0, 817316.0)	(34.0, 992720.0)	(35.0, 1213046.0)	(36.0, 1477451.0)	(37.0, 1748791.0)	(38.0, 1835731.0)	(39.0, 1216685.0)	(40.0, 146387.0)
KTP-17_S29_R1_001	(12.0, 1.0)	(13.0, 0.0)	(14.0, 3.0)	(15.0, 27.0)	(16.0, 174.0)	(17.0, 533.0)	(18.0, 1281.0)	(19.0, 2565.0)	(20.0, 5281.0)	(21.0, 9755.0)	(22.0, 16578.0)	(23.0, 26273.0)	(24.0, 40113.0)	(25.0, 57218.0)	(26.0, 78833.0)	(27.0, 105664.0)	(28.0, 134708.0)	(29.0, 167217.0)	(30.0, 206046.0)	(31.0, 247935.0)	(32.0, 298457.0)	(33.0, 357317.0)	(34.0, 433103.0)	(35.0, 536370.0)	(36.0, 698284.0)	(37.0, 991577.0)	(38.0, 1679504.0)	(39.0, 4049293.0)	(40.0, 6242778.0)		
KTP-17_S29_R2_001	(10.0, 3.0)	(11.0, 58.0)	(12.0, 548.0)	(13.0, 2296.0)	(14.0, 7129.0)	(15.0, 19427.0)	(16.0, 41769.0)	(17.0, 64024.0)	(18.0, 79670.0)	(19.0, 93184.0)	(20.0, 109675.0)	(21.0, 130004.0)	(22.0, 153591.0)	(23.0, 180939.0)	(24.0, 215571.0)	(25.0, 254061.0)	(26.0, 299276.0)	(27.0, 347992.0)	(28.0, 401420.0)	(29.0, 465979.0)	(30.0, 542564.0)	(31.0, 638345.0)	(32.0, 762194.0)	(33.0, 923689.0)	(34.0, 1133178.0)	(35.0, 1412941.0)	(36.0, 1765085.0)	(37.0, 2157250.0)	(38.0, 2344705.0)	(39.0, 1632414.0)	(40.0, 207907.0)
KTP-18_S30_R1_001	(12.0, 1.0)	(13.0, 1.0)	(14.0, 1.0)	(15.0, 11.0)	(16.0, 74.0)	(17.0, 252.0)	(18.0, 652.0)	(19.0, 1690.0)	(20.0, 4112.0)	(21.0, 8259.0)	(22.0, 15085.0)	(23.0, 24649.0)	(24.0, 38218.0)	(25.0, 55342.0)	(26.0, 76999.0)	(27.0, 102646.0)	(28.0, 133134.0)	(29.0, 166542.0)	(30.0, 203734.0)	(31.0, 246559.0)	(32.0, 296033.0)	(33.0, 356082.0)	(34.0, 430112.0)	(35.0, 532233.0)	(36.0, 689539.0)	(37.0, 970416.0)	(38.0, 1625709.0)	(39.0, 3992819.0)	(40.0, 6566711.0)		
KTP-18_S30_R2_001	(10.0, 1.0)	(11.0, 46.0)	(12.0, 471.0)	(13.0, 1901.0)	(14.0, 5669.0)	(15.0, 16020.0)	(16.0, 35088.0)	(17.0, 54526.0)	(18.0, 69933.0)	(19.0, 84589.0)	(20.0, 102839.0)	(21.0, 122975.0)	(22.0, 146607.0)	(23.0, 173718.0)	(24.0, 206091.0)	(25.0, 244446.0)	(26.0, 288915.0)	(27.0, 339621.0)	(28.0, 392891.0)	(29.0, 454695.0)	(30.0, 528534.0)	(31.0, 621017.0)	(32.0, 741767.0)	(33.0, 898605.0)	(34.0, 1111831.0)	(35.0, 1394223.0)	(36.0, 1763085.0)	(37.0, 2189740.0)	(38.0, 2452389.0)	(39.0, 1829959.0)	(40.0, 265423.0)
KTP-19_S31_R1_001	(13.0, 1.0)	(14.0, 5.0)	(15.0, 38.0)	(16.0, 181.0)	(17.0, 525.0)	(18.0, 1262.0)	(19.0, 3137.0)	(20.0, 7079.0)	(21.0, 14094.0)	(22.0, 25511.0)	(23.0, 41419.0)	(24.0, 63860.0)	(25.0, 93000.0)	(26.0, 127574.0)	(27.0, 170973.0)	(28.0, 221170.0)	(29.0, 276301.0)	(30.0, 339112.0)	(31.0, 410749.0)	(32.0, 494685.0)	(33.0, 594473.0)	(34.0, 720760.0)	(35.0, 891365.0)	(36.0, 1151779.0)	(37.0, 1613551.0)	(38.0, 2681761.0)	(39.0, 6456716.0)	(40.0, 10377528.0)			
KTP-19_S31_R2_001	(10.0, 3.0)	(11.0, 171.0)	(12.0, 2088.0)	(13.0, 7547.0)	(14.0, 17887.0)	(15.0, 41883.0)	(16.0, 83550.0)	(17.0, 123761.0)	(18.0, 148593.0)	(19.0, 170300.0)	(20.0, 196306.0)	(21.0, 230638.0)	(22.0, 269003.0)	(23.0, 316558.0)	(24.0, 370415.0)	(25.0, 436579.0)	(26.0, 513860.0)	(27.0, 597888.0)	(28.0, 685558.0)	(29.0, 785864.0)	(30.0, 908757.0)	(31.0, 1061682.0)	(32.0, 1256790.0)	(33.0, 1515381.0)	(34.0, 1848136.0)	(35.0, 2287523.0)	(36.0, 2849879.0)	(37.0, 3462761.0)	(38.0, 3723532.0)	(39.0, 2548833.0)	(40.0, 316883.0)
KTP-1_S13_R1_001	(15.0, 14.0)	(16.0, 83.0)	(17.0, 250.0)	(18.0, 697.0)	(19.0, 1502.0)	(20.0, 3229.0)	(21.0, 6115.0)	(22.0, 10814.0)	(23.0, 17403.0)	(24.0, 26648.0)	(25.0, 38704.0)	(26.0, 53902.0)	(27.0, 72020.0)	(28.0, 92767.0)	(29.0, 116731.0)	(30.0, 143706.0)	(31.0, 173916.0)	(32.0, 208811.0)	(33.0, 252023.0)	(34.0, 306758.0)	(35.0, 384865.0)	(36.0, 503874.0)	(37.0, 727528.0)	(38.0, 1255680.0)	(39.0, 3026110.0)	(40.0, 4579313.0)					
KTP-1_S13_R2_001	(11.0, 28.0)	(12.0, 268.0)	(13.0, 1065.0)	(14.0, 3372.0)	(15.0, 10058.0)	(16.0, 22722.0)	(17.0, 36002.0)	(18.0, 46706.0)	(19.0, 57130.0)	(20.0, 70172.0)	(21.0, 84949.0)	(22.0, 102295.0)	(23.0, 122514.0)	(24.0, 146390.0)	(25.0, 175405.0)	(26.0, 209516.0)	(27.0, 246896.0)	(28.0, 288687.0)	(29.0, 337545.0)	(30.0, 397231.0)	(31.0, 472760.0)	(32.0, 569461.0)	(33.0, 695395.0)	(34.0, 855707.0)	(35.0, 1063439.0)	(36.0, 1315468.0)	(37.0, 1588049.0)	(38.0, 1717034.0)	(39.0, 1208356.0)	(40.0, 158843.0)	
KTP-2_S14_R1_001	(12.0, 1.0)	(13.0, 2.0)	(14.0, 2.0)	(15.0, 48.0)	(16.0, 205.0)	(17.0, 528.0)	(18.0, 1421.0)	(19.0, 3581.0)	(20.0, 7763.0)	(21.0, 15630.0)	(22.0, 27504.0)	(23.0, 44445.0)	(24.0, 68659.0)	(25.0, 98946.0)	(26.0, 136622.0)	(27.0, 182452.0)	(28.0, 235342.0)	(29.0, 294235.0)	(30.0, 360321.0)	(31.0, 436375.0)	(32.0, 524180.0)	(33.0, 632402.0)	(34.0, 765524.0)	(35.0, 944786.0)	(36.0, 1219256.0)	(37.0, 1706916.0)	(38.0, 2835699.0)	(39.0, 6856718.0)	(40.0, 11212895.0)		
KTP-2_S14_R2_001	(10.0, 3.0)	(11.0, 140.0)	(12.0, 1597.0)	(13.0, 5743.0)	(14.0, 15390.0)	(15.0, 37993.0)	(16.0, 78049.0)	(17.0, 118186.0)	(18.0, 146092.0)	(19.0, 170113.0)	(20.0, 198226.0)	(21.0, 232627.0)	(22.0, 274388.0)	(23.0, 320761.0)	(24.0, 377269.0)	(25.0, 444291.0)	(26.0, 520608.0)	(27.0, 606883.0)	(28.0, 698312.0)	(29.0, 805210.0)	(30.0, 936962.0)	(31.0, 1100882.0)	(32.0, 1312163.0)	(33.0, 1582746.0)	(34.0, 1940345.0)	(35.0, 2414241.0)	(36.0, 3027131.0)	(37.0, 3728917.0)	(38.0, 4121637.0)	(39.0, 2986494.0)	(40.0, 409059.0)
KTP-3_S15_R1_001	(14.0, 6.0)	(15.0, 19.0)	(16.0, 105.0)	(17.0, 350.0)	(18.0, 912.0)	(19.0, 2165.0)	(20.0, 4764.0)	(21.0, 9052.0)	(22.0, 15964.0)	(23.0, 26124.0)	(24.0, 39135.0)	(25.0, 56458.0)	(26.0, 77835.0)	(27.0, 103063.0)	(28.0, 133098.0)	(29.0, 165642.0)	(30.0, 203115.0)	(31.0, 245323.0)	(32.0, 295922.0)	(33.0, 354156.0)	(34.0, 431703.0)	(35.0, 535401.0)	(36.0, 698466.0)	(37.0, 993198.0)	(38.0, 1679091.0)	(39.0, 3991480.0)	(40.0, 6099684.0)				
KTP-3_S15_R2_001	(11.0, 53.0)	(12.0, 598.0)	(13.0, 2336.0)	(14.0, 7267.0)	(15.0, 19718.0)	(16.0, 42303.0)	(17.0, 65424.0)	(18.0, 81325.0)	(19.0, 97202.0)	(20.0, 114293.0)	(21.0, 137234.0)	(22.0, 161951.0)	(23.0, 191979.0)	(24.0, 226871.0)	(25.0, 269018.0)	(26.0, 316149.0)	(27.0, 367999.0)	(28.0, 426716.0)	(29.0, 491168.0)	(30.0, 572873.0)	(31.0, 676741.0)	(32.0, 805746.0)	(33.0, 967224.0)	(34.0, 1175602.0)	(35.0, 1436642.0)	(36.0, 1744475.0)	(37.0, 2061874.0)	(38.0, 2141399.0)	(39.0, 1396474.0)	(40.0, 163577.0)	
KTP-4_S16_R1_001	(13.0, 1.0)	(14.0, 3.0)	(15.0, 35.0)	(16.0, 175.0)	(17.0, 471.0)	(18.0, 1131.0)	(19.0, 2468.0)	(20.0, 5436.0)	(21.0, 10390.0)	(22.0, 18648.0)	(23.0, 29524.0)	(24.0, 44544.0)	(25.0, 64215.0)	(26.0, 88088.0)	(27.0, 116852.0)	(28.0, 150236.0)	(29.0, 187770.0)	(30.0, 229901.0)	(31.0, 278691.0)	(32.0, 334525.0)	(33.0, 401983.0)	(34.0, 489852.0)	(35.0, 606162.0)	(36.0, 785966.0)	(37.0, 1109036.0)	(38.0, 1850424.0)	(39.0, 4337486.0)	(40.0, 6607178.0)			
KTP-4_S16_R2_001	(10.0, 3.0)	(11.0, 80.0)	(12.0, 802.0)	(13.0, 3354.0)	(14.0, 9344.0)	(15.0, 23515.0)	(16.0, 49900.0)	(17.0, 75688.0)	(18.0, 93285.0)	(19.0, 108362.0)	(20.0, 126847.0)	(21.0, 149457.0)	(22.0, 176244.0)	(23.0, 207668.0)	(24.0, 244274.0)	(25.0, 289986.0)	(26.0, 341301.0)	(27.0, 398887.0)	(28.0, 458215.0)	(29.0, 528199.0)	(30.0, 613193.0)	(31.0, 715740.0)	(32.0, 849471.0)	(33.0, 1020284.0)	(34.0, 1236359.0)	(35.0, 1512322.0)	(36.0, 1861217.0)	(37.0, 2240667.0)	(38.0, 2435900.0)	(39.0, 1743361.0)	(40.0, 237266.0)
KTP-5_S17_R1_001	(13.0, 1.0)	(14.0, 8.0)	(15.0, 64.0)	(16.0, 263.0)	(17.0, 810.0)	(18.0, 1923.0)	(19.0, 4359.0)	(20.0, 9105.0)	(21.0, 17430.0)	(22.0, 30643.0)	(23.0, 48672.0)	(24.0, 74357.0)	(25.0, 107958.0)	(26.0, 149932.0)	(27.0, 199331.0)	(28.0, 255929.0)	(29.0, 321584.0)	(30.0, 394784.0)	(31.0, 476330.0)	(32.0, 573265.0)	(33.0, 691610.0)	(34.0, 840160.0)	(35.0, 1043427.0)	(36.0, 1358576.0)	(37.0, 1934693.0)	(38.0, 3283714.0)	(39.0, 7968644.0)	(40.0, 12435655.0)			
KTP-5_S17_R2_001	(11.0, 90.0)	(12.0, 1223.0)	(13.0, 4639.0)	(14.0, 13518.0)	(15.0, 34545.0)	(16.0, 73936.0)	(17.0, 111935.0)	(18.0, 142313.0)	(19.0, 170177.0)	(20.0, 203598.0)	(21.0, 241970.0)	(22.0, 287591.0)	(23.0, 342099.0)	(24.0, 403615.0)	(25.0, 478289.0)	(26.0, 568594.0)	(27.0, 665133.0)	(28.0, 768529.0)	(29.0, 888154.0)	(30.0, 1036062.0)	(31.0, 1223803.0)	(32.0, 1465025.0)	(33.0, 1783624.0)	(34.0, 2206158.0)	(35.0, 2756456.0)	(36.0, 3455170.0)	(37.0, 4236888.0)	(38.0, 4699105.0)	(39.0, 3472454.0)	(40.0, 488534.0)	
KTP-6_S18_R1_001	(12.0, 1.0)	(13.0, 1.0)	(14.0, 3.0)	(15.0, 14.0)	(16.0, 69.0)	(17.0, 234.0)	(18.0, 631.0)	(19.0, 1604.0)	(20.0, 3383.0)	(21.0, 6495.0)	(22.0, 11274.0)	(23.0, 17991.0)	(24.0, 27276.0)	(25.0, 39786.0)	(26.0, 54913.0)	(27.0, 73582.0)	(28.0, 94172.0)	(29.0, 117754.0)	(30.0, 144043.0)	(31.0, 174314.0)	(32.0, 209833.0)	(33.0, 252846.0)	(34.0, 308212.0)	(35.0, 384676.0)	(36.0, 502901.0)	(37.0, 722046.0)	(38.0, 1239707.0)	(39.0, 3027141.0)	(40.0, 4481970.0)		
KTP-6_S18_R2_001	(11.0, 31.0)	(12.0, 313.0)	(13.0, 1187.0)	(14.0, 3688.0)	(15.0, 9682.0)	(16.0, 20891.0)	(17.0, 32905.0)	(18.0, 42270.0)	(19.0, 51514.0)	(20.0, 62889.0)	(21.0, 76728.0)	(22.0, 92064.0)	(23.0, 110648.0)	(24.0, 133437.0)	(25.0, 160470.0)	(26.0, 193517.0)	(27.0, 226190.0)	(28.0, 263843.0)	(29.0, 306758.0)	(30.0, 359963.0)	(31.0, 429475.0)	(32.0, 521652.0)	(33.0, 645219.0)	(34.0, 809537.0)	(35.0, 1031629.0)	(36.0, 1322813.0)	(37.0, 1657054.0)	(38.0, 1853344.0)	(39.0, 1310625.0)	(40.0, 166536.0)	
KTP-7_S19_R1_001	(13.0, 1.0)	(14.0, 2.0)	(15.0, 20.0)	(16.0, 86.0)	(17.0, 289.0)	(18.0, 730.0)	(19.0, 1655.0)	(20.0, 3432.0)	(21.0, 6506.0)	(22.0, 11077.0)	(23.0, 17578.0)	(24.0, 26954.0)	(25.0, 38965.0)	(26.0, 54144.0)	(27.0, 71832.0)	(28.0, 92115.0)	(29.0, 115179.0)	(30.0, 140897.0)	(31.0, 170190.0)	(32.0, 205824.0)	(33.0, 249367.0)	(34.0, 308528.0)	(35.0, 391882.0)	(36.0, 525924.0)	(37.0, 781883.0)	(38.0, 1353036.0)	(39.0, 2899150.0)	(40.0, 3519940.0)			
KTP-7_S19_R2_001	(11.0, 34.0)	(12.0, 240.0)	(13.0, 1092.0)	(14.0, 3331.0)	(15.0, 8874.0)	(16.0, 18326.0)	(17.0, 29181.0)	(18.0, 39524.0)	(19.0, 50464.0)	(20.0, 63563.0)	(21.0, 78210.0)	(22.0, 94754.0)	(23.0, 115204.0)	(24.0, 139294.0)	(25.0, 166897.0)	(26.0, 200565.0)	(27.0, 239081.0)	(28.0, 283479.0)	(29.0, 334287.0)	(30.0, 399692.0)	(31.0, 481039.0)	(32.0, 581082.0)	(33.0, 701092.0)	(34.0, 841204.0)	(35.0, 1002313.0)	(36.0, 1176893.0)	(37.0, 1354932.0)	(38.0, 1436423.0)	(39.0, 1013536.0)	(40.0, 132580.0)	
KTP-8_S20_R1_001	(12.0, 1.0)	(13.0, 0.0)	(14.0, 1.0)	(15.0, 18.0)	(16.0, 77.0)	(17.0, 267.0)	(18.0, 812.0)	(19.0, 2151.0)	(20.0, 5174.0)	(21.0, 10035.0)	(22.0, 18368.0)	(23.0, 30168.0)	(24.0, 46574.0)	(25.0, 67641.0)	(26.0, 94247.0)	(27.0, 126517.0)	(28.0, 162852.0)	(29.0, 204167.0)	(30.0, 251061.0)	(31.0, 303551.0)	(32.0, 365595.0)	(33.0, 442241.0)	(34.0, 538503.0)	(35.0, 669969.0)	(36.0, 873498.0)	(37.0, 1246156.0)	(38.0, 2116368.0)	(39.0, 5051988.0)	(40.0, 7673709.0)		
KTP-8_S20_R2_001	(10.0, 1.0)	(11.0, 75.0)	(12.0, 769.0)	(13.0, 3278.0)	(14.0, 9154.0)	(15.0, 24912.0)	(16.0, 52667.0)	(17.0, 80295.0)	(18.0, 99227.0)	(19.0, 116727.0)	(20.0, 137226.0)	(21.0, 162757.0)	(22.0, 191631.0)	(23.0, 226716.0)	(24.0, 268760.0)	(25.0, 317081.0)	(26.0, 374336.0)	(27.0, 437156.0)	(28.0, 506973.0)	(29.0, 589960.0)	(30.0, 691189.0)	(31.0, 820848.0)	(32.0, 979951.0)	(33.0, 1187288.0)	(34.0, 1450052.0)	(35.0, 1780590.0)	(36.0, 2186933.0)	(37.0, 2608318.0)	(38.0, 2791048.0)	(39.0, 1948817.0)	(40.0, 256974.0)
KTP-9_S21_R1_001	(13.0, 1.0)	(14.0, 5.0)	(15.0, 16.0)	(16.0, 97.0)	(17.0, 363.0)	(18.0, 835.0)	(19.0, 1974.0)	(20.0, 4298.0)	(21.0, 8100.0)	(22.0, 14006.0)	(23.0, 23125.0)	(24.0, 34754.0)	(25.0, 51083.0)	(26.0, 70474.0)	(27.0, 93583.0)	(28.0, 121236.0)	(29.0, 152322.0)	(30.0, 185957.0)	(31.0, 225723.0)	(32.0, 270123.0)	(33.0, 327641.0)	(34.0, 400675.0)	(35.0, 504616.0)	(36.0, 670527.0)	(37.0, 979851.0)	(38.0, 1697932.0)	(39.0, 3945985.0)	(40.0, 5719396.0)			
KTP-9_S21_R2_001	(11.0, 44.0)	(12.0, 331.0)	(13.0, 1238.0)	(14.0, 3957.0)	(15.0, 11457.0)	(16.0, 24663.0)	(17.0, 39516.0)	(18.0, 53059.0)	(19.0, 66146.0)	(20.0, 82426.0)	(21.0, 101716.0)	(22.0, 123544.0)	(23.0, 149861.0)	(24.0, 180854.0)	(25.0, 219012.0)	(26.0, 262680.0)	(27.0, 313613.0)	(28.0, 368334.0)	(29.0, 434071.0)	(30.0, 518916.0)	(31.0, 622934.0)	(32.0, 757948.0)	(33.0, 925514.0)	(34.0, 1132977.0)	(35.0, 1384618.0)	(36.0, 1683027.0)	(37.0, 2012329.0)	(38.0, 2202060.0)	(39.0, 1606552.0)	(40.0, 221301.0)	
STP-1_S46_R1_001	(13.0, 1.0)	(14.0, 10.0)	(15.0, 62.0)	(16.0, 267.0)	(17.0, 803.0)	(18.0, 1679.0)	(19.0, 2919.0)	(20.0, 5155.0)	(21.0, 8500.0)	(22.0, 13588.0)	(23.0, 20678.0)	(24.0, 30332.0)	(25.0, 42653.0)	(26.0, 57442.0)	(27.0, 75649.0)	(28.0, 96360.0)	(29.0, 119736.0)	(30.0, 145530.0)	(31.0, 176266.0)	(32.0, 209604.0)	(33.0, 250756.0)	(34.0, 303127.0)	(35.0, 373489.0)	(36.0, 479009.0)	(37.0, 670390.0)	(38.0, 1114547.0)	(39.0, 2692186.0)	(40.0, 4297161.0)			
STP-1_S46_R2_001	(11.0, 45.0)	(12.0, 551.0)	(13.0, 2207.0)	(14.0, 6220.0)	(15.0, 15957.0)	(16.0, 33537.0)	(17.0, 50058.0)	(18.0, 60799.0)	(19.0, 69456.0)	(20.0, 80757.0)	(21.0, 94225.0)	(22.0, 110371.0)	(23.0, 129544.0)	(24.0, 151883.0)	(25.0, 178905.0)	(26.0, 208632.0)	(27.0, 243963.0)	(28.0, 280072.0)	(29.0, 322934.0)	(30.0, 374991.0)	(31.0, 436713.0)	(32.0, 516819.0)	(33.0, 621709.0)	(34.0, 760065.0)	(35.0, 945482.0)	(36.0, 1180152.0)	(37.0, 1450611.0)	(38.0, 1589405.0)	(39.0, 1126093.0)	(40.0, 145743.0)	
STP-2_S47_R1_001	(13.0, 2.0)	(14.0, 3.0)	(15.0, 14.0)	(16.0, 47.0)	(17.0, 149.0)	(18.0, 444.0)	(19.0, 1225.0)	(20.0, 2978.0)	(21.0, 6050.0)	(22.0, 11172.0)	(23.0, 18182.0)	(24.0, 28547.0)	(25.0, 42353.0)	(26.0, 59615.0)	(27.0, 80162.0)	(28.0, 103757.0)	(29.0, 130610.0)	(30.0, 160740.0)	(31.0, 194291.0)	(32.0, 234034.0)	(33.0, 283043.0)	(34.0, 346640.0)	(35.0, 433592.0)	(36.0, 572075.0)	(37.0, 827491.0)	(38.0, 1437969.0)	(39.0, 3518976.0)	(40.0, 5269887.0)			
STP-2_S47_R2_001	(10.0, 2.0)	(11.0, 20.0)	(12.0, 285.0)	(13.0, 1135.0)	(14.0, 3432.0)	(15.0, 9114.0)	(16.0, 19540.0)	(17.0, 31447.0)	(18.0, 41713.0)	(19.0, 51767.0)	(20.0, 64233.0)	(21.0, 78806.0)	(22.0, 95814.0)	(23.0, 116725.0)	(24.0, 141827.0)	(25.0, 172120.0)	(26.0, 205897.0)	(27.0, 243001.0)	(28.0, 286454.0)	(29.0, 335925.0)	(30.0, 399047.0)	(31.0, 481258.0)	(32.0, 590414.0)	(33.0, 734607.0)	(34.0, 928591.0)	(35.0, 1189827.0)	(36.0, 1533522.0)	(37.0, 1959744.0)	(38.0, 2238639.0)	(39.0, 1607640.0)	(40.0, 201502.0)
STP-3_S48_R1_001	(15.0, 24.0)	(16.0, 83.0)	(17.0, 273.0)	(18.0, 708.0)	(19.0, 1732.0)	(20.0, 3553.0)	(21.0, 6793.0)	(22.0, 11896.0)	(23.0, 19392.0)	(24.0, 29615.0)	(25.0, 43544.0)	(26.0, 60845.0)	(27.0, 81099.0)	(28.0, 104877.0)	(29.0, 132585.0)	(30.0, 162350.0)	(31.0, 196341.0)	(32.0, 236041.0)	(33.0, 283991.0)	(34.0, 345033.0)	(35.0, 428931.0)	(36.0, 559705.0)	(37.0, 800771.0)	(38.0, 1377365.0)	(39.0, 3464983.0)	(40.0, 5831437.0)					
STP-3_S48_R2_001	(11.0, 20.0)	(12.0, 236.0)	(13.0, 939.0)	(14.0, 2944.0)	(15.0, 8761.0)	(16.0, 19817.0)	(17.0, 32125.0)	(18.0, 43037.0)	(19.0, 53535.0)	(20.0, 65664.0)	(21.0, 80699.0)	(22.0, 98489.0)	(23.0, 119425.0)	(24.0, 145184.0)	(25.0, 175548.0)	(26.0, 211979.0)	(27.0, 250646.0)	(28.0, 292127.0)	(29.0, 342473.0)	(30.0, 404892.0)	(31.0, 486438.0)	(32.0, 591900.0)	(33.0, 735257.0)	(34.0, 929205.0)	(35.0, 1194748.0)	(36.0, 1557411.0)	(37.0, 1997444.0)	(38.0, 2321478.0)	(39.0, 1770056.0)	(40.0, 251490.0)	
WBP-1_S5_R1_001	(14.0, 1.0)	(15.0, 8.0)	(16.0, 28.0)	(17.0, 120.0)	(18.0, 388.0)	(19.0, 1024.0)	(20.0, 2345.0)	(21.0, 4826.0)	(22.0, 8815.0)	(23.0, 14613.0)	(24.0, 22326.0)	(25.0, 33214.0)	(26.0, 47061.0)	(27.0, 63793.0)	(28.0, 82343.0)	(29.0, 103640.0)	(30.0, 127351.0)	(31.0, 154574.0)	(32.0, 186658.0)	(33.0, 225081.0)	(34.0, 274598.0)	(35.0, 344294.0)	(36.0, 451667.0)	(37.0, 656313.0)	(38.0, 1149893.0)	(39.0, 2897467.0)	(40.0, 4409840.0)				
WBP-1_S5_R2_001	(11.0, 18.0)	(12.0, 191.0)	(13.0, 851.0)	(14.0, 2551.0)	(15.0, 6979.0)	(16.0, 15427.0)	(17.0, 24103.0)	(18.0, 31994.0)	(19.0, 39873.0)	(20.0, 48850.0)	(21.0, 60130.0)	(22.0, 73362.0)	(23.0, 89276.0)	(24.0, 108042.0)	(25.0, 131696.0)	(26.0, 158313.0)	(27.0, 187762.0)	(28.0, 221502.0)	(29.0, 260653.0)	(30.0, 309769.0)	(31.0, 375060.0)	(32.0, 465853.0)	(33.0, 583905.0)	(34.0, 749889.0)	(35.0, 975070.0)	(36.0, 1279113.0)	(37.0, 1651191.0)	(38.0, 1890417.0)	(39.0, 1352119.0)	(40.0, 168322.0)	
WBP-2_S6_R1_001	(13.0, 2.0)	(14.0, 3.0)	(15.0, 9.0)	(16.0, 47.0)	(17.0, 115.0)	(18.0, 372.0)	(19.0, 1099.0)	(20.0, 2622.0)	(21.0, 5422.0)	(22.0, 9833.0)	(23.0, 16073.0)	(24.0, 25309.0)	(25.0, 36889.0)	(26.0, 51935.0)	(27.0, 69925.0)	(28.0, 90482.0)	(29.0, 113464.0)	(30.0, 140522.0)	(31.0, 169660.0)	(32.0, 203682.0)	(33.0, 244541.0)	(34.0, 296740.0)	(35.0, 368119.0)	(36.0, 479289.0)	(37.0, 683600.0)	(38.0, 1175631.0)	(39.0, 3009084.0)	(40.0, 5023453.0)			
WBP-2_S6_R2_001	(11.0, 19.0)	(12.0, 263.0)	(13.0, 941.0)	(14.0, 2913.0)	(15.0, 8306.0)	(16.0, 18673.0)	(17.0, 30330.0)	(18.0, 39404.0)	(19.0, 48723.0)	(20.0, 59943.0)	(21.0, 72712.0)	(22.0, 88301.0)	(23.0, 106234.0)	(24.0, 128413.0)	(25.0, 155570.0)	(26.0, 185409.0)	(27.0, 219514.0)	(28.0, 254531.0)	(29.0, 296966.0)	(30.0, 349925.0)	(31.0, 418794.0)	(32.0, 512660.0)	(33.0, 639406.0)	(34.0, 813645.0)	(35.0, 1058646.0)	(36.0, 1382445.0)	(37.0, 1766147.0)	(38.0, 1984993.0)	(39.0, 1399463.0)	(40.0, 174633.0)	
WBP-3_S7_R1_001	(12.0, 2.0)	(13.0, 0.0)	(14.0, 2.0)	(15.0, 6.0)	(16.0, 29.0)	(17.0, 111.0)	(18.0, 309.0)	(19.0, 744.0)	(20.0, 1780.0)	(21.0, 3538.0)	(22.0, 6248.0)	(23.0, 10531.0)	(24.0, 16674.0)	(25.0, 24691.0)	(26.0, 35446.0)	(27.0, 48750.0)	(28.0, 64023.0)	(29.0, 80001.0)	(30.0, 99715.0)	(31.0, 122002.0)	(32.0, 146687.0)	(33.0, 178797.0)	(34.0, 218067.0)	(35.0, 271814.0)	(36.0, 357222.0)	(37.0, 514098.0)	(38.0, 895389.0)	(39.0, 2356862.0)	(40.0, 4027820.0)		
WBP-3_S7_R2_001	(10.0, 1.0)	(11.0, 10.0)	(12.0, 153.0)	(13.0, 463.0)	(14.0, 1543.0)	(15.0, 4428.0)	(16.0, 10094.0)	(17.0, 16411.0)	(18.0, 21927.0)	(19.0, 28025.0)	(20.0, 35054.0)	(21.0, 43880.0)	(22.0, 53754.0)	(23.0, 66174.0)	(24.0, 81020.0)	(25.0, 99502.0)	(26.0, 122058.0)	(27.0, 145947.0)	(28.0, 171498.0)	(29.0, 200614.0)	(30.0, 238857.0)	(31.0, 290510.0)	(32.0, 359792.0)	(33.0, 458534.0)	(34.0, 595266.0)	(35.0, 792162.0)	(36.0, 1065738.0)	(37.0, 1412836.0)	(38.0, 1680733.0)	(39.0, 1301872.0)	(40.0, 182502.0)
WBP-4_S8_R1_001	(12.0, 1.0)	(13.0, 1.0)	(14.0, 3.0)	(15.0, 24.0)	(16.0, 126.0)	(17.0, 487.0)	(18.0, 1160.0)	(19.0, 3068.0)	(20.0, 7180.0)	(21.0, 14442.0)	(22.0, 25668.0)	(23.0, 42489.0)	(24.0, 64996.0)	(25.0, 94035.0)	(26.0, 131529.0)	(27.0, 175357.0)	(28.0, 226621.0)	(29.0, 284319.0)	(30.0, 350293.0)	(31.0, 423286.0)	(32.0, 509475.0)	(33.0, 613303.0)	(34.0, 740193.0)	(35.0, 913971.0)	(36.0, 1180322.0)	(37.0, 1658613.0)	(38.0, 2780833.0)	(39.0, 6894297.0)	(40.0, 11650253.0)		
WBP-4_S8_R2_001	(10.0, 1.0)	(11.0, 195.0)	(12.0, 1716.0)	(13.0, 5759.0)	(14.0, 15117.0)	(15.0, 37931.0)	(16.0, 78175.0)	(17.0, 116839.0)	(18.0, 144676.0)	(19.0, 169253.0)	(20.0, 198994.0)	(21.0, 234858.0)	(22.0, 276670.0)	(23.0, 322843.0)	(24.0, 380201.0)	(25.0, 449128.0)	(26.0, 527293.0)	(27.0, 617145.0)	(28.0, 711564.0)	(29.0, 821965.0)	(30.0, 954674.0)	(31.0, 1121186.0)	(32.0, 1337440.0)	(33.0, 1621950.0)	(34.0, 2001227.0)	(35.0, 2496567.0)	(36.0, 3129012.0)	(37.0, 3812315.0)	(38.0, 4099808.0)	(39.0, 2768122.0)	(40.0, 333721.0)
WBP-5_S9_R1_001	(12.0, 2.0)	(13.0, 1.0)	(14.0, 8.0)	(15.0, 14.0)	(16.0, 81.0)	(17.0, 235.0)	(18.0, 846.0)	(19.0, 2241.0)	(20.0, 5614.0)	(21.0, 11636.0)	(22.0, 21183.0)	(23.0, 34739.0)	(24.0, 53993.0)	(25.0, 79294.0)	(26.0, 110299.0)	(27.0, 147332.0)	(28.0, 190545.0)	(29.0, 239545.0)	(30.0, 294071.0)	(31.0, 355049.0)	(32.0, 427622.0)	(33.0, 513391.0)	(34.0, 623772.0)	(35.0, 770044.0)	(36.0, 997584.0)	(37.0, 1400450.0)	(38.0, 2358870.0)	(39.0, 5823295.0)	(40.0, 9285996.0)		
WBP-5_S9_R2_001	(10.0, 2.0)	(11.0, 58.0)	(12.0, 841.0)	(13.0, 3130.0)	(14.0, 9446.0)	(15.0, 25341.0)	(16.0, 54944.0)	(17.0, 84517.0)	(18.0, 105159.0)	(19.0, 124200.0)	(20.0, 147914.0)	(21.0, 176107.0)	(22.0, 208525.0)	(23.0, 247699.0)	(24.0, 292545.0)	(25.0, 347247.0)	(26.0, 409083.0)	(27.0, 480167.0)	(28.0, 556404.0)	(29.0, 647520.0)	(30.0, 754153.0)	(31.0, 893632.0)	(32.0, 1071147.0)	(33.0, 1309917.0)	(34.0, 1621586.0)	(35.0, 2041575.0)	(36.0, 2582301.0)	(37.0, 3190808.0)	(38.0, 3514284.0)	(39.0, 2511876.0)	(40.0, 335624.0)
WBP-6_S10_R1_001	(14.0, 1.0)	(15.0, 22.0)	(16.0, 94.0)	(17.0, 308.0)	(18.0, 873.0)	(19.0, 2442.0)	(20.0, 6035.0)	(21.0, 12404.0)	(22.0, 22348.0)	(23.0, 37142.0)	(24.0, 57008.0)	(25.0, 83459.0)	(26.0, 115482.0)	(27.0, 154231.0)	(28.0, 199808.0)	(29.0, 250374.0)	(30.0, 306727.0)	(31.0, 372082.0)	(32.0, 448243.0)	(33.0, 538465.0)	(34.0, 653093.0)	(35.0, 808250.0)	(36.0, 1047741.0)	(37.0, 1477733.0)	(38.0, 2496233.0)	(39.0, 6170503.0)	(40.0, 9936201.0)				
WBP-6_S10_R2_001	(10.0, 2.0)	(11.0, 71.0)	(12.0, 750.0)	(13.0, 2967.0)	(14.0, 8948.0)	(15.0, 25329.0)	(16.0, 56146.0)	(17.0, 87839.0)	(18.0, 109928.0)	(19.0, 131203.0)	(20.0, 156983.0)	(21.0, 186774.0)	(22.0, 221190.0)	(23.0, 262560.0)	(24.0, 313374.0)	(25.0, 371383.0)	(26.0, 440490.0)	(27.0, 514214.0)	(28.0, 595077.0)	(29.0, 686037.0)	(30.0, 797938.0)	(31.0, 940271.0)	(32.0, 1125201.0)	(33.0, 1372550.0)	(34.0, 1700484.0)	(35.0, 2148628.0)	(36.0, 2728956.0)	(37.0, 3396188.0)	(38.0, 3756948.0)	(39.0, 2697869.0)	(40.0, 361004.0)
WBP-7_S11_R1_001	(13.0, 1.0)	(14.0, 6.0)	(15.0, 32.0)	(16.0, 207.0)	(17.0, 605.0)	(18.0, 1412.0)	(19.0, 3467.0)	(20.0, 7397.0)	(21.0, 14391.0)	(22.0, 25620.0)	(23.0, 42230.0)	(24.0, 64249.0)	(25.0, 92957.0)	(26.0, 127901.0)	(27.0, 171187.0)	(28.0, 220931.0)	(29.0, 276189.0)	(30.0, 340050.0)	(31.0, 411275.0)	(32.0, 497230.0)	(33.0, 596099.0)	(34.0, 721988.0)	(35.0, 892689.0)	(36.0, 1145906.0)	(37.0, 1605044.0)	(38.0, 2668277.0)	(39.0, 6512144.0)	(40.0, 10704077.0)			
WBP-7_S11_R2_001	(10.0, 1.0)	(11.0, 103.0)	(12.0, 1244.0)	(13.0, 4736.0)	(14.0, 13210.0)	(15.0, 34547.0)	(16.0, 74240.0)	(17.0, 112721.0)	(18.0, 138056.0)	(19.0, 160810.0)	(20.0, 187642.0)	(21.0, 221516.0)	(22.0, 259739.0)	(23.0, 305059.0)	(24.0, 357492.0)	(25.0, 421460.0)	(26.0, 496060.0)	(27.0, 578294.0)	(28.0, 667530.0)	(29.0, 770795.0)	(30.0, 896255.0)	(31.0, 1053475.0)	(32.0, 1255897.0)	(33.0, 1518572.0)	(34.0, 1865140.0)	(35.0, 2327006.0)	(36.0, 2916544.0)	(37.0, 3568237.0)	(38.0, 3883300.0)	(39.0, 2707304.0)	(40.0, 346576.0)
WBP-8_S12_R1_001	(14.0, 3.0)	(15.0, 9.0)	(16.0, 39.0)	(17.0, 149.0)	(18.0, 368.0)	(19.0, 958.0)	(20.0, 2117.0)	(21.0, 4190.0)	(22.0, 7394.0)	(23.0, 12062.0)	(24.0, 18906.0)	(25.0, 27568.0)	(26.0, 38983.0)	(27.0, 52370.0)	(28.0, 68048.0)	(29.0, 85753.0)	(30.0, 105598.0)	(31.0, 127923.0)	(32.0, 154218.0)	(33.0, 185735.0)	(34.0, 227916.0)	(35.0, 282748.0)	(36.0, 369957.0)	(37.0, 531423.0)	(38.0, 927360.0)	(39.0, 2399309.0)	(40.0, 3870774.0)				
WBP-8_S12_R2_001	(11.0, 6.0)	(12.0, 125.0)	(13.0, 548.0)	(14.0, 1891.0)	(15.0, 5257.0)	(16.0, 12091.0)	(17.0, 19597.0)	(18.0, 25847.0)	(19.0, 32580.0)	(20.0, 40617.0)	(21.0, 49791.0)	(22.0, 60992.0)	(23.0, 74233.0)	(24.0, 90170.0)	(25.0, 109354.0)	(26.0, 131377.0)	(27.0, 155635.0)	(28.0, 182370.0)	(29.0, 214065.0)	(30.0, 255004.0)	(31.0, 308883.0)	(32.0, 381084.0)	(33.0, 481031.0)	(34.0, 621499.0)	(35.0, 817127.0)	(36.0, 1084195.0)	(37.0, 1406730.0)	(38.0, 1615242.0)	(39.0, 1172148.0)	(40.0, 152389.0)	
WZP-10_S41_R1_001	(13.0, 1.0)	(14.0, 2.0)	(15.0, 31.0)	(16.0, 122.0)	(17.0, 367.0)	(18.0, 992.0)	(19.0, 2663.0)	(20.0, 6305.0)	(21.0, 12670.0)	(22.0, 22876.0)	(23.0, 37561.0)	(24.0, 57783.0)	(25.0, 83413.0)	(26.0, 115661.0)	(27.0, 153187.0)	(28.0, 195360.0)	(29.0, 242772.0)	(30.0, 296462.0)	(31.0, 356994.0)	(32.0, 426036.0)	(33.0, 511481.0)	(34.0, 617068.0)	(35.0, 765691.0)	(36.0, 996124.0)	(37.0, 1418239.0)	(38.0, 2406571.0)	(39.0, 5545439.0)	(40.0, 6923829.0)			
WZP-10_S41_R2_001	(10.0, 4.0)	(11.0, 221.0)	(12.0, 2538.0)	(13.0, 7817.0)	(14.0, 17754.0)	(15.0, 38450.0)	(16.0, 72472.0)	(17.0, 105245.0)	(18.0, 128256.0)	(19.0, 151337.0)	(20.0, 177282.0)	(21.0, 208097.0)	(22.0, 241839.0)	(23.0, 282136.0)	(24.0, 325626.0)	(25.0, 378113.0)	(26.0, 438740.0)	(27.0, 506046.0)	(28.0, 578175.0)	(29.0, 660335.0)	(30.0, 758493.0)	(31.0, 875231.0)	(32.0, 1027214.0)	(33.0, 1225858.0)	(34.0, 1488547.0)	(35.0, 1831595.0)	(36.0, 2264769.0)	(37.0, 2705883.0)	(38.0, 2789563.0)	(39.0, 1728115.0)	(40.0, 179949.0)
WZP-11_S42_R1_001	(13.0, 1.0)	(14.0, 1.0)	(15.0, 37.0)	(16.0, 196.0)	(17.0, 454.0)	(18.0, 1108.0)	(19.0, 2556.0)	(20.0, 5620.0)	(21.0, 11508.0)	(22.0, 20874.0)	(23.0, 34509.0)	(24.0, 53198.0)	(25.0, 78072.0)	(26.0, 109867.0)	(27.0, 149462.0)	(28.0, 193955.0)	(29.0, 247949.0)	(30.0, 309451.0)	(31.0, 380681.0)	(32.0, 464088.0)	(33.0, 566815.0)	(34.0, 696348.0)	(35.0, 871640.0)	(36.0, 1138070.0)	(37.0, 1605781.0)	(38.0, 2693639.0)	(39.0, 6506313.0)	(40.0, 10429000.0)			
WZP-11_S42_R2_001	(10.0, 3.0)	(11.0, 147.0)	(12.0, 1937.0)	(13.0, 6733.0)	(14.0, 16477.0)	(15.0, 38057.0)	(16.0, 75779.0)	(17.0, 112922.0)	(18.0, 136576.0)	(19.0, 159745.0)	(20.0, 185765.0)	(21.0, 218646.0)	(22.0, 257077.0)	(23.0, 302010.0)	(24.0, 355420.0)	(25.0, 420536.0)	(26.0, 493965.0)	(27.0, 575240.0)	(28.0, 665612.0)	(29.0, 769624.0)	(30.0, 896176.0)	(31.0, 1055531.0)	(32.0, 1256181.0)	(33.0, 1518576.0)	(34.0, 1863405.0)	(35.0, 2308673.0)	(36.0, 2869347.0)	(37.0, 3474325.0)	(38.0, 3708343.0)	(39.0, 2517221.0)	(40.0, 311144.0)
WZP-12_S43_R1_001	(12.0, 1.0)	(13.0, 1.0)	(14.0, 1.0)	(15.0, 30.0)	(16.0, 129.0)	(17.0, 388.0)	(18.0, 949.0)	(19.0, 2255.0)	(20.0, 5402.0)	(21.0, 10821.0)	(22.0, 19287.0)	(23.0, 31591.0)	(24.0, 48204.0)	(25.0, 69975.0)	(26.0, 96813.0)	(27.0, 129147.0)	(28.0, 166886.0)	(29.0, 206808.0)	(30.0, 253855.0)	(31.0, 306366.0)	(32.0, 367633.0)	(33.0, 442473.0)	(34.0, 536944.0)	(35.0, 663340.0)	(36.0, 855748.0)	(37.0, 1198069.0)	(38.0, 2004561.0)	(39.0, 4913109.0)	(40.0, 8009325.0)		
WZP-12_S43_R2_001	(11.0, 61.0)	(12.0, 767.0)	(13.0, 3063.0)	(14.0, 9161.0)	(15.0, 24251.0)	(16.0, 51788.0)	(17.0, 79605.0)	(18.0, 97594.0)	(19.0, 113601.0)	(20.0, 134197.0)	(21.0, 157702.0)	(22.0, 185854.0)	(23.0, 221212.0)	(24.0, 260503.0)	(25.0, 309203.0)	(26.0, 363930.0)	(27.0, 424609.0)	(28.0, 487099.0)	(29.0, 561123.0)	(30.0, 651933.0)	(31.0, 766305.0)	(32.0, 913203.0)	(33.0, 1108358.0)	(34.0, 1367717.0)	(35.0, 1719890.0)	(36.0, 2183729.0)	(37.0, 2714663.0)	(38.0, 3012527.0)	(39.0, 2138236.0)	(40.0, 278227.0)	
WZP-13_S44_R1_001	(15.0, 30.0)	(16.0, 130.0)	(17.0, 386.0)	(18.0, 853.0)	(19.0, 1912.0)	(20.0, 4051.0)	(21.0, 7604.0)	(22.0, 13239.0)	(23.0, 21238.0)	(24.0, 32687.0)	(25.0, 47376.0)	(26.0, 65168.0)	(27.0, 86267.0)	(28.0, 111709.0)	(29.0, 139100.0)	(30.0, 170806.0)	(31.0, 206477.0)	(32.0, 248223.0)	(33.0, 298290.0)	(34.0, 362105.0)	(35.0, 447215.0)	(36.0, 581992.0)	(37.0, 824293.0)	(38.0, 1397097.0)	(39.0, 3384391.0)	(40.0, 5293223.0)					
WZP-13_S44_R2_001	(11.0, 30.0)	(12.0, 327.0)	(13.0, 1376.0)	(14.0, 4426.0)	(15.0, 12550.0)	(16.0, 27003.0)	(17.0, 42627.0)	(18.0, 54399.0)	(19.0, 65508.0)	(20.0, 78661.0)	(21.0, 95161.0)	(22.0, 114342.0)	(23.0, 136003.0)	(24.0, 163355.0)	(25.0, 195456.0)	(26.0, 232328.0)	(27.0, 274640.0)	(28.0, 317647.0)	(29.0, 368051.0)	(30.0, 432809.0)	(31.0, 511469.0)	(32.0, 617524.0)	(33.0, 757642.0)	(34.0, 941502.0)	(35.0, 1186124.0)	(36.0, 1504747.0)	(37.0, 1864823.0)	(38.0, 2065922.0)	(39.0, 1482389.0)	(40.0, 197021.0)	
WZP-14_S45_R1_001	(14.0, 3.0)	(15.0, 11.0)	(16.0, 39.0)	(17.0, 163.0)	(18.0, 433.0)	(19.0, 1356.0)	(20.0, 3282.0)	(21.0, 6814.0)	(22.0, 12740.0)	(23.0, 20928.0)	(24.0, 32678.0)	(25.0, 47632.0)	(26.0, 66637.0)	(27.0, 89924.0)	(28.0, 116335.0)	(29.0, 145260.0)	(30.0, 178627.0)	(31.0, 217576.0)	(32.0, 261837.0)	(33.0, 315519.0)	(34.0, 382006.0)	(35.0, 474416.0)	(36.0, 617713.0)	(37.0, 877997.0)	(38.0, 1497442.0)	(39.0, 3771773.0)	(40.0, 6048869.0)				
WZP-14_S45_R2_001	(11.0, 25.0)	(12.0, 283.0)	(13.0, 1160.0)	(14.0, 3652.0)	(15.0, 10924.0)	(16.0, 24496.0)	(17.0, 39518.0)	(18.0, 50950.0)	(19.0, 63149.0)	(20.0, 76933.0)	(21.0, 94610.0)	(22.0, 114486.0)	(23.0, 137370.0)	(24.0, 165877.0)	(25.0, 200517.0)	(26.0, 239552.0)	(27.0, 283415.0)	(28.0, 327578.0)	(29.0, 379661.0)	(30.0, 444771.0)	(31.0, 527124.0)	(32.0, 638061.0)	(33.0, 788244.0)	(34.0, 994705.0)	(35.0, 1281459.0)	(36.0, 1668555.0)	(37.0, 2133651.0)	(38.0, 2434122.0)	(39.0, 1811872.0)	(40.0, 251290.0)	
WZP-1_S32_R1_001	(12.0, 1.0)	(13.0, 1.0)	(14.0, 10.0)	(15.0, 44.0)	(16.0, 219.0)	(17.0, 570.0)	(18.0, 1375.0)	(19.0, 2747.0)	(20.0, 5921.0)	(21.0, 11504.0)	(22.0, 20298.0)	(23.0, 32701.0)	(24.0, 49987.0)	(25.0, 72965.0)	(26.0, 101454.0)	(27.0, 135123.0)	(28.0, 175069.0)	(29.0, 219602.0)	(30.0, 269437.0)	(31.0, 326238.0)	(32.0, 392730.0)	(33.0, 472711.0)	(34.0, 575978.0)	(35.0, 713625.0)	(36.0, 923753.0)	(37.0, 1299635.0)	(38.0, 2176854.0)	(39.0, 5241444.0)	(40.0, 8151289.0)		
WZP-1_S32_R2_001	(10.0, 1.0)	(11.0, 96.0)	(12.0, 1295.0)	(13.0, 4332.0)	(14.0, 11858.0)	(15.0, 29364.0)	(16.0, 61876.0)	(17.0, 93236.0)	(18.0, 113700.0)	(19.0, 132542.0)	(20.0, 154398.0)	(21.0, 181401.0)	(22.0, 213473.0)	(23.0, 251588.0)	(24.0, 296452.0)	(25.0, 351328.0)	(26.0, 413598.0)	(27.0, 479810.0)	(28.0, 549538.0)	(29.0, 631127.0)	(30.0, 730507.0)	(31.0, 855816.0)	(32.0, 1015913.0)	(33.0, 1224880.0)	(34.0, 1499000.0)	(35.0, 1855193.0)	(36.0, 2304570.0)	(37.0, 2776271.0)	(38.0, 2943011.0)	(39.0, 1962418.0)	(40.0, 234693.0)
WZP-2_S33_R1_001	(13.0, 2.0)	(14.0, 4.0)	(15.0, 21.0)	(16.0, 92.0)	(17.0, 243.0)	(18.0, 674.0)	(19.0, 1562.0)	(20.0, 3399.0)	(21.0, 6359.0)	(22.0, 11293.0)	(23.0, 18362.0)	(24.0, 28449.0)	(25.0, 41359.0)	(26.0, 58180.0)	(27.0, 78568.0)	(28.0, 100702.0)	(29.0, 127222.0)	(30.0, 156957.0)	(31.0, 189209.0)	(32.0, 230263.0)	(33.0, 276971.0)	(34.0, 336753.0)	(35.0, 421238.0)	(36.0, 551415.0)	(37.0, 790311.0)	(38.0, 1361349.0)	(39.0, 3405481.0)	(40.0, 5614029.0)			
WZP-2_S33_R2_001	(11.0, 38.0)	(12.0, 275.0)	(13.0, 1142.0)	(14.0, 3339.0)	(15.0, 9603.0)	(16.0, 20805.0)	(17.0, 33360.0)	(18.0, 44380.0)	(19.0, 54354.0)	(20.0, 67764.0)	(21.0, 83042.0)	(22.0, 100078.0)	(23.0, 120187.0)	(24.0, 144162.0)	(25.0, 172850.0)	(26.0, 207460.0)	(27.0, 244633.0)	(28.0, 287167.0)	(29.0, 336823.0)	(30.0, 396680.0)	(31.0, 474156.0)	(32.0, 576777.0)	(33.0, 713255.0)	(34.0, 901062.0)	(35.0, 1158555.0)	(36.0, 1501889.0)	(37.0, 1921740.0)	(38.0, 2241472.0)	(39.0, 1738069.0)	(40.0, 255350.0)	
WZP-3_S34_R1_001	(13.0, 1.0)	(14.0, 6.0)	(15.0, 23.0)	(16.0, 111.0)	(17.0, 315.0)	(18.0, 884.0)	(19.0, 2162.0)	(20.0, 4847.0)	(21.0, 9502.0)	(22.0, 16963.0)	(23.0, 27764.0)	(24.0, 43063.0)	(25.0, 62390.0)	(26.0, 87303.0)	(27.0, 116120.0)	(28.0, 150905.0)	(29.0, 188563.0)	(30.0, 232067.0)	(31.0, 281049.0)	(32.0, 336927.0)	(33.0, 405869.0)	(34.0, 493363.0)	(35.0, 612306.0)	(36.0, 797502.0)	(37.0, 1133876.0)	(38.0, 1924685.0)	(39.0, 4715883.0)	(40.0, 7426575.0)			
WZP-3_S34_R2_001	(11.0, 53.0)	(12.0, 448.0)	(13.0, 1897.0)	(14.0, 5937.0)	(15.0, 17061.0)	(16.0, 37824.0)	(17.0, 60081.0)	(18.0, 76091.0)	(19.0, 92000.0)	(20.0, 110221.0)	(21.0, 133150.0)	(22.0, 159244.0)	(23.0, 191221.0)	(24.0, 227554.0)	(25.0, 275211.0)	(26.0, 329430.0)	(27.0, 386878.0)	(28.0, 449461.0)	(29.0, 519131.0)	(30.0, 606289.0)	(31.0, 718695.0)	(32.0, 860345.0)	(33.0, 1051608.0)	(34.0, 1304263.0)	(35.0, 1640289.0)	(36.0, 2076278.0)	(37.0, 2572393.0)	(38.0, 2842040.0)	(39.0, 2049386.0)	(40.0, 276545.0)	
WZP-4_S35_R1_001	(12.0, 1.0)	(13.0, 0.0)	(14.0, 1.0)	(15.0, 21.0)	(16.0, 63.0)	(17.0, 212.0)	(18.0, 581.0)	(19.0, 1323.0)	(20.0, 3224.0)	(21.0, 6258.0)	(22.0, 11355.0)	(23.0, 18506.0)	(24.0, 28693.0)	(25.0, 42380.0)	(26.0, 58557.0)	(27.0, 79138.0)	(28.0, 102359.0)	(29.0, 129003.0)	(30.0, 158029.0)	(31.0, 190211.0)	(32.0, 228944.0)	(33.0, 276084.0)	(34.0, 335388.0)	(35.0, 417250.0)	(36.0, 541228.0)	(37.0, 772059.0)	(38.0, 1313520.0)	(39.0, 3270156.0)	(40.0, 5421676.0)		
WZP-4_S35_R2_001	(11.0, 19.0)	(12.0, 240.0)	(13.0, 965.0)	(14.0, 3265.0)	(15.0, 9882.0)	(16.0, 22003.0)	(17.0, 35685.0)	(18.0, 46407.0)	(19.0, 56631.0)	(20.0, 69305.0)	(21.0, 84231.0)	(22.0, 102078.0)	(23.0, 123152.0)	(24.0, 147929.0)	(25.0, 178706.0)	(26.0, 213814.0)	(27.0, 252032.0)	(28.0, 293761.0)	(29.0, 341691.0)	(30.0, 402782.0)	(31.0, 479994.0)	(32.0, 580516.0)	(33.0, 713217.0)	(34.0, 897060.0)	(35.0, 1143254.0)	(36.0, 1467282.0)	(37.0, 1852380.0)	(38.0, 2107068.0)	(39.0, 1563717.0)	(40.0, 217154.0)	
WZP-5_S36_R1_001	(12.0, 1.0)	(13.0, 1.0)	(14.0, 3.0)	(15.0, 25.0)	(16.0, 100.0)	(17.0, 348.0)	(18.0, 838.0)	(19.0, 1899.0)	(20.0, 4386.0)	(21.0, 8559.0)	(22.0, 14875.0)	(23.0, 23982.0)	(24.0, 36412.0)	(25.0, 53041.0)	(26.0, 73671.0)	(27.0, 97780.0)	(28.0, 125346.0)	(29.0, 157386.0)	(30.0, 192503.0)	(31.0, 233278.0)	(32.0, 280555.0)	(33.0, 337827.0)	(34.0, 410314.0)	(35.0, 507219.0)	(36.0, 654807.0)	(37.0, 922421.0)	(38.0, 1539360.0)	(39.0, 3650711.0)	(40.0, 5601206.0)		
WZP-5_S36_R2_001	(10.0, 1.0)	(11.0, 67.0)	(12.0, 831.0)	(13.0, 3502.0)	(14.0, 9791.0)	(15.0, 24359.0)	(16.0, 49277.0)	(17.0, 73289.0)	(18.0, 88005.0)	(19.0, 101817.0)	(20.0, 117009.0)	(21.0, 137349.0)	(22.0, 160802.0)	(23.0, 187106.0)	(24.0, 219132.0)	(25.0, 256949.0)	(26.0, 299822.0)	(27.0, 346444.0)	(28.0, 397935.0)	(29.0, 454161.0)	(30.0, 522336.0)	(31.0, 608688.0)	(32.0, 717504.0)	(33.0, 852709.0)	(34.0, 1030587.0)	(35.0, 1259209.0)	(36.0, 1549970.0)	(37.0, 1861218.0)	(38.0, 1997289.0)	(39.0, 1411213.0)	(40.0, 190483.0)
WZP-6_S37_R1_001	(14.0, 2.0)	(15.0, 13.0)	(16.0, 88.0)	(17.0, 231.0)	(18.0, 586.0)	(19.0, 1486.0)	(20.0, 3426.0)	(21.0, 6986.0)	(22.0, 12434.0)	(23.0, 20143.0)	(24.0, 31418.0)	(25.0, 45692.0)	(26.0, 62611.0)	(27.0, 83726.0)	(28.0, 107772.0)	(29.0, 135312.0)	(30.0, 165385.0)	(31.0, 199956.0)	(32.0, 240346.0)	(33.0, 288175.0)	(34.0, 350584.0)	(35.0, 431835.0)	(36.0, 559863.0)	(37.0, 788014.0)	(38.0, 1317809.0)	(39.0, 3205194.0)	(40.0, 5154838.0)				
WZP-6_S37_R2_001	(10.0, 4.0)	(11.0, 45.0)	(12.0, 439.0)	(13.0, 1719.0)	(14.0, 5258.0)	(15.0, 14079.0)	(16.0, 30701.0)	(17.0, 47634.0)	(18.0, 59642.0)	(19.0, 70007.0)	(20.0, 83276.0)	(21.0, 98943.0)	(22.0, 118377.0)	(23.0, 140566.0)	(24.0, 168137.0)	(25.0, 200465.0)	(26.0, 237636.0)	(27.0, 277038.0)	(28.0, 319985.0)	(29.0, 369754.0)	(30.0, 431091.0)	(31.0, 508062.0)	(32.0, 605889.0)	(33.0, 736329.0)	(34.0, 910010.0)	(35.0, 1138485.0)	(36.0, 1433506.0)	(37.0, 1765929.0)	(38.0, 1928465.0)	(39.0, 1342004.0)	(40.0, 170450.0)
WZP-7_S38_R1_001	(12.0, 1.0)	(13.0, 0.0)	(14.0, 4.0)	(15.0, 14.0)	(16.0, 58.0)	(17.0, 208.0)	(18.0, 573.0)	(19.0, 1414.0)	(20.0, 3289.0)	(21.0, 6507.0)	(22.0, 12066.0)	(23.0, 19481.0)	(24.0, 30277.0)	(25.0, 44351.0)	(26.0, 61639.0)	(27.0, 81684.0)	(28.0, 105417.0)	(29.0, 131837.0)	(30.0, 161682.0)	(31.0, 195097.0)	(32.0, 234987.0)	(33.0, 283813.0)	(34.0, 343887.0)	(35.0, 425994.0)	(36.0, 558140.0)	(37.0, 797038.0)	(38.0, 1358065.0)	(39.0, 3281803.0)	(40.0, 5187958.0)		
WZP-7_S38_R2_001	(11.0, 23.0)	(12.0, 298.0)	(13.0, 1223.0)	(14.0, 3776.0)	(15.0, 10450.0)	(16.0, 23136.0)	(17.0, 37437.0)	(18.0, 48642.0)	(19.0, 59412.0)	(20.0, 72992.0)	(21.0, 88654.0)	(22.0, 106542.0)	(23.0, 127875.0)	(24.0, 153320.0)	(25.0, 185362.0)	(26.0, 221088.0)	(27.0, 260099.0)	(28.0, 302834.0)	(29.0, 352333.0)	(30.0, 414284.0)	(31.0, 493750.0)	(32.0, 594957.0)	(33.0, 730848.0)	(34.0, 906526.0)	(35.0, 1144547.0)	(36.0, 1446540.0)	(37.0, 1805372.0)	(38.0, 2032544.0)	(39.0, 1497430.0)	(40.0, 204990.0)	
WZP-8_S39_R1_001	(12.0, 1.0)	(13.0, 1.0)	(14.0, 6.0)	(15.0, 22.0)	(16.0, 82.0)	(17.0, 267.0)	(18.0, 673.0)	(19.0, 1700.0)	(20.0, 3843.0)	(21.0, 7593.0)	(22.0, 13481.0)	(23.0, 22347.0)	(24.0, 34432.0)	(25.0, 50702.0)	(26.0, 70875.0)	(27.0, 95433.0)	(28.0, 123186.0)	(29.0, 155345.0)	(30.0, 192083.0)	(31.0, 233404.0)	(32.0, 281001.0)	(33.0, 338310.0)	(34.0, 413015.0)	(35.0, 513087.0)	(36.0, 670395.0)	(37.0, 961466.0)	(38.0, 1650745.0)	(39.0, 4133283.0)	(40.0, 6726592.0)		
WZP-8_S39_R2_001	(11.0, 49.0)	(12.0, 422.0)	(13.0, 1673.0)	(14.0, 5119.0)	(15.0, 14005.0)	(16.0, 30632.0)	(17.0, 47832.0)	(18.0, 61920.0)	(19.0, 75564.0)	(20.0, 91893.0)	(21.0, 110830.0)	(22.0, 133679.0)	(23.0, 160585.0)	(24.0, 192729.0)	(25.0, 230415.0)	(26.0, 275283.0)	(27.0, 325624.0)	(28.0, 379796.0)	(29.0, 444078.0)	(30.0, 525327.0)	(31.0, 626768.0)	(32.0, 759047.0)	(33.0, 938204.0)	(34.0, 1174243.0)	(35.0, 1489492.0)	(36.0, 1889318.0)	(37.0, 2327851.0)	(38.0, 2507961.0)	(39.0, 1677060.0)	(40.0, 195971.0)	
WZP-9_S40_R1_001	(14.0, 4.0)	(15.0, 42.0)	(16.0, 224.0)	(17.0, 520.0)	(18.0, 1276.0)	(19.0, 2946.0)	(20.0, 6322.0)	(21.0, 12382.0)	(22.0, 21615.0)	(23.0, 34581.0)	(24.0, 52911.0)	(25.0, 77047.0)	(26.0, 106808.0)	(27.0, 142237.0)	(28.0, 183056.0)	(29.0, 227617.0)	(30.0, 279702.0)	(31.0, 337506.0)	(32.0, 406240.0)	(33.0, 487490.0)	(34.0, 593358.0)	(35.0, 738681.0)	(36.0, 964229.0)	(37.0, 1373619.0)	(38.0, 2330735.0)	(39.0, 5535133.0)	(40.0, 8331423.0)				
WZP-9_S40_R2_001	(10.0, 1.0)	(11.0, 57.0)	(12.0, 750.0)	(13.0, 2966.0)	(14.0, 9146.0)	(15.0, 24862.0)	(16.0, 53279.0)	(17.0, 82198.0)	(18.0, 104152.0)	(19.0, 124095.0)	(20.0, 147811.0)	(21.0, 175957.0)	(22.0, 209177.0)	(23.0, 249059.0)	(24.0, 296050.0)	(25.0, 351629.0)	(26.0, 414548.0)	(27.0, 486165.0)	(28.0, 562781.0)	(29.0, 651364.0)	(30.0, 758942.0)	(31.0, 893156.0)	(32.0, 1065823.0)	(33.0, 1283495.0)	(34.0, 1566626.0)	(35.0, 1928745.0)	(36.0, 2376297.0)	(37.0, 2866640.0)	(38.0, 3096280.0)	(39.0, 2177852.0)	(40.0, 287801.0)
