Sample	0	1	2	3	4	5	6	7	8	9	10	11	12	13	14	15
CZP-1_S3_R1_001	(1.0, 75.66933650368671)	(2.0, 10.791003446199781)	(3.0, 3.1634632019263074)	(4.0, 2.0591900359717705)	(5.0, 1.5360424537553683)	(6.0, 1.206954759519483)	(7.0, 0.9580823431659761)	(8.0, 0.8012650865307986)	(9.0, 0.6384886425150658)	('>10', 2.5829545437806667)	('>50', 0.4250552296805554)	('>100', 0.16816375326755295)	('>500', 0.0)	('>1k', 0.0)	('>5k', 0.0)	('>10k+', 0.0)
CZP-1_S3_R2_001	(1.0, 77.51015334022637)	(2.0, 10.088089545759706)	(3.0, 3.0939302084171283)	(4.0, 1.9386091400441878)	(5.0, 1.4450745137465184)	(6.0, 1.1105056221201366)	(7.0, 0.8865679312224116)	(8.0, 0.7457269488173237)	(9.0, 0.5277062859293388)	('>10', 2.161678689091925)	('>50', 0.39185696168229245)	('>100', 0.10010081294274344)	('>500', 0.0)	('>1k', 0.0)	('>5k', 0.0)	('>10k+', 0.0)
CZP-2_S4_R1_001	(1.0, 67.2280160454438)	(2.0, 11.512611279485853)	(3.0, 3.4350217165174097)	(4.0, 1.7758237109349266)	(5.0, 1.266835322418238)	(6.0, 0.9379040718993833)	(7.0, 0.8898297128939368)	(8.0, 0.8366328664483468)	(9.0, 0.7361182832180814)	('>10', 10.05889243856095)	('>50', 0.6268240430763934)	('>100', 0.6866701416635719)	('>500', 0.008820367439098052)	('>1k', 0.0)	('>5k', 0.0)	('>10k+', 0.0)
CZP-2_S4_R2_001	(1.0, 69.36539770480685)	(2.0, 10.736913321087952)	(3.0, 3.1812591318266596)	(4.0, 1.7057795948255465)	(5.0, 1.182439991280966)	(6.0, 0.9914456123070398)	(7.0, 0.8672048613803255)	(8.0, 0.7778198512684761)	(9.0, 0.7244095006075091)	('>10', 9.36154229354509)	('>50', 0.5178806572454246)	('>100', 0.5811145610166781)	('>500', 0.006792918801570631)	('>1k', 0.0)	('>5k', 0.0)	('>10k+', 0.0)
ELP-1_S49_R1_001	(1.0, 70.03257632123413)	(2.0, 11.601189169841252)	(3.0, 3.103929958626026)	(4.0, 1.5971865524575402)	(5.0, 1.2749661747683942)	(6.0, 1.1203214909037975)	(7.0, 1.0847563177150361)	(8.0, 0.9243630715142439)	(9.0, 0.8561785603410532)	('>10', 7.335059041849002)	('>50', 0.5306347534040033)	('>100', 0.5119016526388163)	('>500', 0.020560298655428716)	('>1k', 0.006376636051503995)	('>5k', 0.0)	('>10k+', 0.0)
ELP-1_S49_R2_001	(1.0, 72.86330659273592)	(2.0, 10.49662563645002)	(3.0, 2.8529588943784194)	(4.0, 1.5060512819893546)	(5.0, 1.2576521982323043)	(6.0, 1.0486882378407345)	(7.0, 1.0149963212661501)	(8.0, 0.9188118119392544)	(9.0, 0.8082441465254698)	('>10', 6.344693336339927)	('>50', 0.4768379806549673)	('>100', 0.3912392825138481)	('>500', 0.013578288892762138)	('>1k', 0.006315990240823921)	('>5k', 0.0)	('>10k+', 0.0)
FRUpstream-1_S1_R1_001	(1.0, 79.56520352095805)	(2.0, 11.760221934858153)	(3.0, 3.846793922296199)	(4.0, 1.903722898824649)	(5.0, 0.9652473553502514)	(6.0, 0.5097553806747067)	(7.0, 0.2931958932923656)	(8.0, 0.1661096448825893)	(9.0, 0.11287630718908288)	('>10', 0.8649648101784914)	('>50', 0.006512521404307711)	('>100', 0.005395810091148241)	('>500', 0.0)	('>1k', 0.0)	('>5k', 0.0)	('>10k+', 0.0)
FRUpstream-1_S1_R2_001	(1.0, 81.24977758600286)	(2.0, 10.899319010052938)	(3.0, 3.6250565428202854)	(4.0, 1.7024554534566245)	(5.0, 0.8413256625212093)	(6.0, 0.43567575284576415)	(7.0, 0.24998601161810222)	(8.0, 0.1416267580394729)	(9.0, 0.09137453895915626)	('>10', 0.7510734521879759)	('>50', 0.006375735180108593)	('>100', 0.005953496315495616)	('>500', 0.0)	('>1k', 0.0)	('>5k', 0.0)	('>10k+', 0.0)
FRUpstream-2_S2_R1_001	(1.0, 80.74177368147865)	(2.0, 11.896619013272629)	(3.0, 3.4547385627891094)	(4.0, 1.5502681952651294)	(5.0, 0.8005122225727656)	(6.0, 0.36316311736975015)	(7.0, 0.21075122103755578)	(8.0, 0.11838621227314744)	(9.0, 0.08814105821958684)	('>10', 0.7647759168403269)	('>50', 0.0016633248801300414)	('>100', 0.00920747400126227)	('>500', 0.0)	('>1k', 0.0)	('>5k', 0.0)	('>10k+', 0.0)
FRUpstream-2_S2_R2_001	(1.0, 82.48534881349654)	(2.0, 10.890191609416409)	(3.0, 3.1495460828460877)	(4.0, 1.4096525538300957)	(5.0, 0.6923925837940519)	(6.0, 0.3210955407489869)	(7.0, 0.15860100178179537)	(8.0, 0.12698968443627578)	(9.0, 0.077249046499214)	('>10', 0.6785912813729429)	('>50', 0.0)	('>100', 0.01034180177758799)	('>500', 0.0)	('>1k', 0.0)	('>5k', 0.0)	('>10k+', 0.0)
FZP-1_S50_R1_001	(1.0, 75.7217654835776)	(2.0, 10.737148022329212)	(3.0, 3.213335438734762)	(4.0, 2.1228702063631215)	(5.0, 1.660285795073587)	(6.0, 1.336488965556548)	(7.0, 1.1639895818123518)	(8.0, 0.8446768050587041)	(9.0, 0.6204329076210344)	('>10', 2.2787021701801016)	('>50', 0.2712813514967576)	('>100', 0.029023272196263498)	('>500', 0.0)	('>1k', 0.0)	('>5k', 0.0)	('>10k+', 0.0)
FZP-1_S50_R2_001	(1.0, 78.40453420819493)	(2.0, 9.59803451753274)	(3.0, 2.951889379459418)	(4.0, 1.9345265617238074)	(5.0, 1.5720718522642303)	(6.0, 1.2194704846286208)	(7.0, 0.930678902738362)	(8.0, 0.7103875220528121)	(9.0, 0.48870542016768503)	('>10', 1.9572708678084965)	('>50', 0.21233857782430277)	('>100', 0.020091705604635572)	('>500', 0.0)	('>1k', 0.0)	('>5k', 0.0)	('>10k+', 0.0)
FZP-2_S51_R1_001	(1.0, 75.99682779252672)	(2.0, 11.333574619077426)	(3.0, 3.4028809578567847)	(4.0, 1.9020289432498974)	(5.0, 1.3175857208828643)	(6.0, 0.9799908426832072)	(7.0, 0.6977128113137117)	(8.0, 0.5532510643403308)	(9.0, 0.4302050609148528)	('>10', 2.6524746152789396)	('>50', 0.5773886598891483)	('>100', 0.1560789119862604)	('>500', 0.0)	('>1k', 0.0)	('>5k', 0.0)	('>10k+', 0.0)
FZP-2_S51_R2_001	(1.0, 77.90887950083278)	(2.0, 10.453197894873137)	(3.0, 3.1951671527874073)	(4.0, 1.783207618127982)	(5.0, 1.1635682923483825)	(6.0, 0.901281364867056)	(7.0, 0.6419726309350849)	(8.0, 0.5156235031031082)	(9.0, 0.39030996283639136)	('>10', 2.4077869871193034)	('>50', 0.5091105297043766)	('>100', 0.12989456246500672)	('>500', 0.0)	('>1k', 0.0)	('>5k', 0.0)	('>10k+', 0.0)
FZP-3_S52_R1_001	(1.0, 77.46442367571525)	(2.0, 10.208026362844262)	(3.0, 3.129303721964548)	(4.0, 1.9312238064761)	(5.0, 1.334182714983592)	(6.0, 1.0176397841757774)	(7.0, 0.7003925498935285)	(8.0, 0.5506129134884914)	(9.0, 0.4304278821055146)	('>10', 2.818174408800607)	('>50', 0.367231633579746)	('>100', 0.04836054597254437)	('>500', 0.0)	('>1k', 0.0)	('>5k', 0.0)	('>10k+', 0.0)
FZP-3_S52_R2_001	(1.0, 79.01652156238566)	(2.0, 9.71282620743724)	(3.0, 2.990392408206526)	(4.0, 1.7254675820735317)	(5.0, 1.201135845271528)	(6.0, 0.9021505953520329)	(7.0, 0.7017096942322087)	(8.0, 0.4810788220873919)	(9.0, 0.41101368914872444)	('>10', 2.5141123791196027)	('>50', 0.31688244535838)	('>100', 0.02670876932719157)	('>500', 0.0)	('>1k', 0.0)	('>5k', 0.0)	('>10k+', 0.0)
HFP-1_S53_R1_001	(1.0, 75.92112884841394)	(2.0, 10.942069223702108)	(3.0, 3.5060648125053877)	(4.0, 1.8911967472530367)	(5.0, 1.4006504735137368)	(6.0, 1.075432530654584)	(7.0, 0.8095260504690439)	(8.0, 0.606858541959467)	(9.0, 0.5487857653722533)	('>10', 2.7333104635091527)	('>50', 0.5102047958117895)	('>100', 0.05477174683537427)	('>500', 0.0)	('>1k', 0.0)	('>5k', 0.0)	('>10k+', 0.0)
HFP-1_S53_R2_001	(1.0, 77.3673239078212)	(2.0, 10.456204580990752)	(3.0, 3.205634261872771)	(4.0, 1.8164476524498658)	(5.0, 1.3394659101583357)	(6.0, 1.0260031485846828)	(7.0, 0.778139900265262)	(8.0, 0.589612528170575)	(9.0, 0.47157384376808853)	('>10', 2.4627576503513287)	('>50', 0.45111072180931583)	('>100', 0.035725893757824444)	('>500', 0.0)	('>1k', 0.0)	('>5k', 0.0)	('>10k+', 0.0)
KTP-10_S22_R1_001	(1.0, 74.31991605148193)	(2.0, 10.263690009390224)	(3.0, 2.678817936792508)	(4.0, 1.5538493396436026)	(5.0, 1.239492949606367)	(6.0, 1.1491047684519298)	(7.0, 0.9809476777690002)	(8.0, 0.9865773889349)	(9.0, 0.8408147440255738)	('>10', 4.97535004332762)	('>50', 0.5039584425049484)	('>100', 0.5051787943492763)	('>500', 0.0023018537221768474)	('>1k', 0.0)	('>5k', 0.0)	('>10k+', 0.0)
KTP-10_S22_R2_001	(1.0, 77.12287278123821)	(2.0, 9.09591051887723)	(3.0, 2.4714451052797775)	(4.0, 1.4506049357006205)	(5.0, 1.1619598828750526)	(6.0, 1.1055461222531446)	(7.0, 1.0116993428205543)	(8.0, 0.8661226890649706)	(9.0, 0.7342114080194663)	('>10', 4.167043453942951)	('>50', 0.4268646132826256)	('>100', 0.38327987172522276)	('>500', 0.0024392749200767513)	('>1k', 0.0)	('>5k', 0.0)	('>10k+', 0.0)
KTP-11_S23_R1_001	(1.0, 80.74505597314392)	(2.0, 9.776961141731654)	(3.0, 2.787387738501965)	(4.0, 1.5145002588866592)	(5.0, 1.0976089146131083)	(6.0, 0.728027389631199)	(7.0, 0.5268635808578231)	(8.0, 0.3588622139834977)	(9.0, 0.25842947682958634)	('>10', 1.6392508680432534)	('>50', 0.48857091650848194)	('>100', 0.07848152726887515)	('>500', 0.0)	('>1k', 0.0)	('>5k', 0.0)	('>10k+', 0.0)
KTP-11_S23_R2_001	(1.0, 82.60631898360296)	(2.0, 8.940301132563574)	(3.0, 2.5227038767679266)	(4.0, 1.4456853947478359)	(5.0, 0.8985799639239469)	(6.0, 0.6551216509183371)	(7.0, 0.441286125506225)	(8.0, 0.33541477291299754)	(9.0, 0.2183562713190917)	('>10', 1.467153754756598)	('>50', 0.43026801082336585)	('>100', 0.03881006215714161)	('>500', 0.0)	('>1k', 0.0)	('>5k', 0.0)	('>10k+', 0.0)
KTP-12_S24_R1_001	(1.0, 74.24329848315665)	(2.0, 11.51547589497987)	(3.0, 3.3797488610056674)	(4.0, 1.929446886368549)	(5.0, 1.3074303896893307)	(6.0, 1.0005470947684667)	(7.0, 0.780856610075771)	(8.0, 0.5922936488008577)	(9.0, 0.46267342750498663)	('>10', 3.7000407473446426)	('>50', 0.7525083443341233)	('>100', 0.3356796119710353)	('>500', 0.0)	('>1k', 0.0)	('>5k', 0.0)	('>10k+', 0.0)
KTP-12_S24_R2_001	(1.0, 76.19361908614869)	(2.0, 10.595575914739316)	(3.0, 3.2546110025667896)	(4.0, 1.7980064070278294)	(5.0, 1.1933276246363997)	(6.0, 0.9293375031441233)	(7.0, 0.6799093997203285)	(8.0, 0.5996833944454222)	(9.0, 0.4771511206874704)	('>10', 3.3098157448967926)	('>50', 0.6837529547011186)	('>100', 0.28520984728576293)	('>500', 0.0)	('>1k', 0.0)	('>5k', 0.0)	('>10k+', 0.0)
KTP-13_S25_R1_001	(1.0, 83.07578846667319)	(2.0, 9.616154244076158)	(3.0, 2.587804654587951)	(4.0, 1.3393997613569768)	(5.0, 0.8502515566792477)	(6.0, 0.5901989209845262)	(7.0, 0.3639508564564964)	(8.0, 0.23327046181722005)	(9.0, 0.16531005583724964)	('>10', 1.0050174545438788)	('>50', 0.1366593279531718)	('>100', 0.03619423903390709)	('>500', 0.0)	('>1k', 0.0)	('>5k', 0.0)	('>10k+', 0.0)
KTP-13_S25_R2_001	(1.0, 84.76825400995315)	(2.0, 8.896232842183126)	(3.0, 2.255885078972826)	(4.0, 1.1995655010256894)	(5.0, 0.7593631442489476)	(6.0, 0.5598660522648098)	(7.0, 0.2906162040001797)	(8.0, 0.18317600050173766)	(9.0, 0.13761287271563313)	('>10', 0.8382462761376429)	('>50', 0.0798119808806942)	('>100', 0.031370037115529735)	('>500', 0.0)	('>1k', 0.0)	('>5k', 0.0)	('>10k+', 0.0)
KTP-14_S26_R1_001	(1.0, 77.12895733118629)	(2.0, 10.104603953949672)	(3.0, 3.0492150459103144)	(4.0, 1.8646442322607755)	(5.0, 1.3643004533343424)	(6.0, 1.0691757997646651)	(7.0, 0.8229819679609028)	(8.0, 0.6495382503537848)	(9.0, 0.526043794484677)	('>10', 2.7319034321837234)	('>50', 0.56718798035331)	('>100', 0.11500441892072497)	('>500', 0.0064433393368730045)	('>1k', 0.0)	('>5k', 0.0)	('>10k+', 0.0)
KTP-14_S26_R2_001	(1.0, 79.56676636917915)	(2.0, 9.070126521621603)	(3.0, 2.744217780653462)	(4.0, 1.742002317224824)	(5.0, 1.2682200229981397)	(6.0, 0.9797162328207716)	(7.0, 0.7037158339832542)	(8.0, 0.5888118007844741)	(9.0, 0.41713833402202305)	('>10', 2.3321541706754294)	('>50', 0.4830213822215385)	('>100', 0.09784272115107913)	('>500', 0.006266512664300616)	('>1k', 0.0)	('>5k', 0.0)	('>10k+', 0.0)
KTP-15_S27_R1_001	(1.0, 79.73116264342599)	(2.0, 10.949331021639148)	(3.0, 3.009390587739477)	(4.0, 1.5914846905622018)	(5.0, 1.112805451570262)	(6.0, 0.7354275203789663)	(7.0, 0.49792449974520514)	(8.0, 0.34658442613153145)	(9.0, 0.2607543547642482)	('>10', 1.3460194911488204)	('>50', 0.35608221353453756)	('>100', 0.06303309935956028)	('>500', 0.0)	('>1k', 0.0)	('>5k', 0.0)	('>10k+', 0.0)
KTP-15_S27_R2_001	(1.0, 82.03435612656078)	(2.0, 9.862000405250996)	(3.0, 2.690298739182079)	(4.0, 1.4681794578482532)	(5.0, 0.9131550678310283)	(6.0, 0.5816223116838525)	(7.0, 0.42283812434137913)	(8.0, 0.27835156927109933)	(9.0, 0.19637267425921334)	('>10', 1.2246454718724435)	('>50', 0.28335496810453)	('>100', 0.04482508379434931)	('>500', 0.0)	('>1k', 0.0)	('>5k', 0.0)	('>10k+', 0.0)
KTP-16_S28_R1_001	(1.0, 79.81795540056991)	(2.0, 9.998129729365079)	(3.0, 3.0290123166182124)	(4.0, 1.9112812897725655)	(5.0, 1.3608620122593458)	(6.0, 0.9931310762780773)	(7.0, 0.6459674889273774)	(8.0, 0.44974275010850023)	(9.0, 0.29516985729167733)	('>10', 1.217052968646193)	('>50', 0.2601095609230301)	('>100', 0.021585549240061657)	('>500', 0.0)	('>1k', 0.0)	('>5k', 0.0)	('>10k+', 0.0)
KTP-16_S28_R2_001	(1.0, 82.14580788059112)	(2.0, 8.952137009776871)	(3.0, 2.7286712615413986)	(4.0, 1.737407347172032)	(5.0, 1.2022759084452432)	(6.0, 0.8063235192154674)	(7.0, 0.560388217073719)	(8.0, 0.36991518418263764)	(9.0, 0.23762002554363412)	('>10', 1.0207682410082235)	('>50', 0.21712257532174203)	('>100', 0.021562830127905566)	('>500', 0.0)	('>1k', 0.0)	('>5k', 0.0)	('>10k+', 0.0)
KTP-17_S29_R1_001	(1.0, 79.03335340033718)	(2.0, 10.637856599864303)	(3.0, 3.12776850168986)	(4.0, 1.8252234490347883)	(5.0, 1.3322382749119592)	(6.0, 0.9059243752806787)	(7.0, 0.6171047259126154)	(8.0, 0.4263444929604815)	(9.0, 0.28652006533902735)	('>10', 1.387615149915264)	('>50', 0.3484441728924145)	('>100', 0.07160679186137898)	('>500', 0.0)	('>1k', 0.0)	('>5k', 0.0)	('>10k+', 0.0)
KTP-17_S29_R2_001	(1.0, 81.1742673943533)	(2.0, 9.620007500445652)	(3.0, 2.8617560802148048)	(4.0, 1.6897991824700112)	(5.0, 1.1365848721898373)	(6.0, 0.8078158078997911)	(7.0, 0.520627533091207)	(8.0, 0.3488870817899623)	(9.0, 0.222084677992545)	('>10', 1.2491745622826949)	('>50', 0.31759522108039573)	('>100', 0.05140008618972473)	('>500', 0.0)	('>1k', 0.0)	('>5k', 0.0)	('>10k+', 0.0)
KTP-18_S30_R1_001	(1.0, 77.28083725156522)	(2.0, 11.479711903438368)	(3.0, 3.1545882032813255)	(4.0, 1.9134392960972566)	(5.0, 1.3595351218213274)	(6.0, 0.9194450604903606)	(7.0, 0.7091055718991115)	(8.0, 0.48616963945339753)	(9.0, 0.3343717884991093)	('>10', 1.7697594060561088)	('>50', 0.48779335429226295)	('>100', 0.10524340310614103)	('>500', 0.0)	('>1k', 0.0)	('>5k', 0.0)	('>10k+', 0.0)
KTP-18_S30_R2_001	(1.0, 79.6024803994897)	(2.0, 10.334930945427613)	(3.0, 2.9696000152903936)	(4.0, 1.766407832380143)	(5.0, 1.2066681486279125)	(6.0, 0.8367669953304454)	(7.0, 0.5843800184968634)	(8.0, 0.4190548017351072)	(9.0, 0.29152366401351426)	('>10', 1.512652136420197)	('>50', 0.40342761719688713)	('>100', 0.07210742559126675)	('>500', 0.0)	('>1k', 0.0)	('>5k', 0.0)	('>10k+', 0.0)
KTP-19_S31_R1_001	(1.0, 72.70612460155856)	(2.0, 10.688413280250607)	(3.0, 2.82560446468369)	(4.0, 1.6899615137222541)	(5.0, 1.502754397707137)	(6.0, 1.3761027971493103)	(7.0, 1.2781437478750928)	(8.0, 1.0617050405971713)	(9.0, 0.9252917887297237)	('>10', 4.818582772807883)	('>50', 0.5125472619000406)	('>100', 0.6147683330184579)	('>500', 0.0)	('>1k', 0.0)	('>5k', 0.0)	('>10k+', 0.0)
KTP-19_S31_R2_001	(1.0, 75.96322903584671)	(2.0, 9.336220941579532)	(3.0, 2.562400757234485)	(4.0, 1.6709285358285646)	(5.0, 1.3952095389543169)	(6.0, 1.239074948776919)	(7.0, 1.075258651819824)	(8.0, 0.9834868690330569)	(9.0, 0.7921946022709911)	('>10', 3.964580800995634)	('>50', 0.4673952764582223)	('>100', 0.5500200412017056)	('>500', 0.0)	('>1k', 0.0)	('>5k', 0.0)	('>10k+', 0.0)
KTP-1_S13_R1_001	(1.0, 81.78456180580113)	(2.0, 10.43085615063341)	(3.0, 2.857780409952871)	(4.0, 1.4448720453202886)	(5.0, 0.8778944081154496)	(6.0, 0.5637430811371477)	(7.0, 0.34917045187975715)	(8.0, 0.19233079172841513)	(9.0, 0.1518608229551527)	('>10', 1.1048214353362993)	('>50', 0.22246158239071578)	('>100', 0.019647014749394065)	('>500', 0.0)	('>1k', 0.0)	('>5k', 0.0)	('>10k+', 0.0)
KTP-1_S13_R2_001	(1.0, 83.71494561290395)	(2.0, 9.490509228831515)	(3.0, 2.4865569688278617)	(4.0, 1.265467003649987)	(5.0, 0.7908642090471225)	(6.0, 0.47824717469788675)	(7.0, 0.27858691856787443)	(8.0, 0.2088320914897013)	(9.0, 0.11882438202716995)	('>10', 0.9861739226226505)	('>50', 0.17120668879221)	('>100', 0.009785798542092031)	('>500', 0.0)	('>1k', 0.0)	('>5k', 0.0)	('>10k+', 0.0)
KTP-2_S14_R1_001	(1.0, 73.11897335061789)	(2.0, 11.14063411765343)	(3.0, 3.083172723861223)	(4.0, 1.7957538243059172)	(5.0, 1.3608996905144195)	(6.0, 1.1745788156006403)	(7.0, 1.052980189709306)	(8.0, 0.7655095871339662)	(9.0, 0.7073375583072121)	('>10', 4.81585306795716)	('>50', 0.6478662271026798)	('>100', 0.2801266634736147)	('>500', 0.0)	('>1k', 0.05631418376250448)	('>5k', 0.0)	('>10k+', 0.0)
KTP-2_S14_R2_001	(1.0, 75.86075272192011)	(2.0, 10.101370775503604)	(3.0, 2.7952638503874723)	(4.0, 1.6166024251764621)	(5.0, 1.288481724748334)	(6.0, 1.0305050815416394)	(7.0, 0.907535422790964)	(8.0, 0.738689433419119)	(9.0, 0.5469650431220835)	('>10', 4.307826024279286)	('>50', 0.5616594203722582)	('>100', 0.1982093729267984)	('>500', 0.0)	('>1k', 0.046138703811939935)	('>5k', 0.0)	('>10k+', 0.0)
KTP-3_S15_R1_001	(1.0, 80.4757049300745)	(2.0, 10.324081301900627)	(3.0, 2.846312624176317)	(4.0, 1.6069729115641356)	(5.0, 1.0600461711107643)	(6.0, 0.6999125544385145)	(7.0, 0.46746837163214194)	(8.0, 0.3476769146643915)	(9.0, 0.18515077625048293)	('>10', 1.2574121660501314)	('>50', 0.5522771569240671)	('>100', 0.1769841212139492)	('>500', 0.0)	('>1k', 0.0)	('>5k', 0.0)	('>10k+', 0.0)
KTP-3_S15_R2_001	(1.0, 82.68086206354423)	(2.0, 9.22728598912674)	(3.0, 2.5988638852276904)	(4.0, 1.4224847121150432)	(5.0, 0.9332489921742333)	(6.0, 0.6231882032206304)	(7.0, 0.3649686346882903)	(8.0, 0.26110577836823773)	(9.0, 0.18214211718635906)	('>10', 1.0884184269248982)	('>50', 0.4884281258106665)	('>100', 0.1290030716130484)	('>500', 0.0)	('>1k', 0.0)	('>5k', 0.0)	('>10k+', 0.0)
KTP-4_S16_R1_001	(1.0, 81.83288415298327)	(2.0, 10.515935574394913)	(3.0, 2.5308791669941684)	(4.0, 1.134484163330635)	(5.0, 0.6496525723446633)	(6.0, 0.4583509471150137)	(7.0, 0.3156193603205975)	(8.0, 0.221902264519037)	(9.0, 0.1551849148203887)	('>10', 1.4390163388979864)	('>50', 0.5686487423131489)	('>100', 0.1774418019661589)	('>500', 0.0)	('>1k', 0.0)	('>5k', 0.0)	('>10k+', 0.0)
KTP-4_S16_R2_001	(1.0, 84.02541076417994)	(2.0, 9.197539306563128)	(3.0, 2.262126566234978)	(4.0, 0.9880483716636597)	(5.0, 0.5923793167318968)	(6.0, 0.36640730468368526)	(7.0, 0.26090424456901196)	(8.0, 0.20160643092817)	(9.0, 0.16237762555552493)	('>10', 1.3086676308130505)	('>50', 0.517482595008841)	('>100', 0.11704984306800889)	('>500', 0.0)	('>1k', 0.0)	('>5k', 0.0)	('>10k+', 0.0)
KTP-5_S17_R1_001	(1.0, 72.42034625084922)	(2.0, 11.066604415590593)	(3.0, 3.0225138958394338)	(4.0, 1.7309112185940327)	(5.0, 1.4221322409199855)	(6.0, 1.2528545648407545)	(7.0, 1.0578641311135037)	(8.0, 0.9568975113434512)	(9.0, 0.7597383583354802)	('>10', 5.1160146444369845)	('>50', 0.5431224652975618)	('>100', 0.6510003028389862)	('>500', 0.0)	('>1k', 0.0)	('>5k', 0.0)	('>10k+', 0.0)
KTP-5_S17_R2_001	(1.0, 75.11545162976586)	(2.0, 10.02909053640909)	(3.0, 2.8025477866790056)	(4.0, 1.6018333680181758)	(5.0, 1.3267195602960222)	(6.0, 1.188298543775814)	(7.0, 0.9477915957056372)	(8.0, 0.8243962024893972)	(9.0, 0.7015971396631768)	('>10', 4.403419783023797)	('>50', 0.5108858948076784)	('>100', 0.5479679593663951)	('>500', 0.0)	('>1k', 0.0)	('>5k', 0.0)	('>10k+', 0.0)
KTP-6_S18_R1_001	(1.0, 78.23642972069767)	(2.0, 10.220691166200247)	(3.0, 3.0455051015375845)	(4.0, 1.7554714934989675)	(5.0, 1.1941451468624902)	(6.0, 0.8546099570845435)	(7.0, 0.6714233317378431)	(8.0, 0.49786574008476253)	(9.0, 0.4062592073886452)	('>10', 2.675924927873264)	('>50', 0.37525565273172456)	('>100', 0.06641855430228288)	('>500', 0.0)	('>1k', 0.0)	('>5k', 0.0)	('>10k+', 0.0)
KTP-6_S18_R2_001	(1.0, 79.96494560426143)	(2.0, 9.42384607101208)	(3.0, 2.7556603251170255)	(4.0, 1.682579286526208)	(5.0, 1.0963311542889356)	(6.0, 0.8498319618412988)	(7.0, 0.6215546824962325)	(8.0, 0.48877499720595624)	(9.0, 0.34758040420298836)	('>10', 2.378048936131265)	('>50', 0.3389895085879191)	('>100', 0.05185706832869566)	('>500', 0.0)	('>1k', 0.0)	('>5k', 0.0)	('>10k+', 0.0)
KTP-7_S19_R1_001	(1.0, 84.02833348291097)	(2.0, 9.617980147100132)	(3.0, 2.2401707710587018)	(4.0, 1.0688438718105877)	(5.0, 0.7078808546171431)	(6.0, 0.45580902824299646)	(7.0, 0.3337529604876824)	(8.0, 0.2115367815406821)	(9.0, 0.17004454700855492)	('>10', 1.1024250171926775)	('>50', 0.04995137717160954)	('>100', 0.013271160858239942)	('>500', 0.0)	('>1k', 0.0)	('>5k', 0.0)	('>10k+', 0.0)
KTP-7_S19_R2_001	(1.0, 85.38373895442662)	(2.0, 8.732933465147957)	(3.0, 2.1338459653775934)	(4.0, 1.0123456664161468)	(5.0, 0.645938060482794)	(6.0, 0.3996490943050479)	(7.0, 0.29989308876242826)	(8.0, 0.20329559411313847)	(9.0, 0.15138726239280054)	('>10', 0.9872342798371313)	('>50', 0.044856288230783546)	('>100', 0.004882280507535827)	('>500', 0.0)	('>1k', 0.0)	('>5k', 0.0)	('>10k+', 0.0)
KTP-8_S20_R1_001	(1.0, 79.4520646148949)	(2.0, 10.504044822372864)	(3.0, 2.999461515428044)	(4.0, 1.7666070749001606)	(5.0, 1.2077174429307371)	(6.0, 0.9187803851740055)	(7.0, 0.6181814542348506)	(8.0, 0.43487776704522346)	(9.0, 0.334143927668031)	('>10', 1.3389142112861503)	('>50', 0.36594437791680673)	('>100', 0.05926240614826715)	('>500', 0.0)	('>1k', 0.0)	('>5k', 0.0)	('>10k+', 0.0)
KTP-8_S20_R2_001	(1.0, 82.02365499531113)	(2.0, 9.21248505396876)	(3.0, 2.6993413852546047)	(4.0, 1.4975124925422247)	(5.0, 1.1273225954462445)	(6.0, 0.7359824370428741)	(7.0, 0.5635591914292083)	(8.0, 0.35974576768709593)	(9.0, 0.282227219425367)	('>10', 1.122587014904356)	('>50', 0.3326434660587705)	('>100', 0.04293838092932848)	('>500', 0.0)	('>1k', 0.0)	('>5k', 0.0)	('>10k+', 0.0)
KTP-9_S21_R1_001	(1.0, 80.13044628724572)	(2.0, 11.016831693887307)	(3.0, 2.846171967987634)	(4.0, 1.3842374360195329)	(5.0, 0.9139160284380857)	(6.0, 0.6492770705427006)	(7.0, 0.46625770359112045)	(8.0, 0.33098950647053055)	(9.0, 0.2665320614098274)	('>10', 1.6368811891628106)	('>50', 0.3283241587005678)	('>100', 0.030134896544151944)	('>500', 0.0)	('>1k', 0.0)	('>5k', 0.0)	('>10k+', 0.0)
KTP-9_S21_R2_001	(1.0, 81.8770603562387)	(2.0, 10.23331368784327)	(3.0, 2.554910922799093)	(4.0, 1.3040578806522996)	(5.0, 0.83227071310566)	(6.0, 0.5550761139113036)	(7.0, 0.3828703570741069)	(8.0, 0.32901576335152877)	(9.0, 0.23992299674498374)	('>10', 1.408019817208803)	('>50', 0.25275804531756624)	('>100', 0.030723345752735002)	('>500', 0.0)	('>1k', 0.0)	('>5k', 0.0)	('>10k+', 0.0)
STP-1_S46_R1_001	(1.0, 80.28408393415086)	(2.0, 10.246971073967076)	(3.0, 2.960464871307665)	(4.0, 1.6443323180695715)	(5.0, 1.1010884678539405)	(6.0, 0.7422972372163923)	(7.0, 0.513257004237462)	(8.0, 0.370550206014546)	(9.0, 0.23992563238567519)	('>10', 1.4983110908362882)	('>50', 0.29435710537902376)	('>100', 0.10436105858149448)	('>500', 0.0)	('>1k', 0.0)	('>5k', 0.0)	('>10k+', 0.0)
STP-1_S46_R2_001	(1.0, 82.51153524433941)	(2.0, 9.125262901402824)	(3.0, 2.6823285973967046)	(4.0, 1.5167510607179426)	(5.0, 0.9736292870373366)	(6.0, 0.6395591632548989)	(7.0, 0.4099284828265912)	(8.0, 0.2800584515935147)	(9.0, 0.22550942878386496)	('>10', 1.282477332201229)	('>50', 0.27142780634417785)	('>100', 0.08153224410155693)	('>500', 0.0)	('>1k', 0.0)	('>5k', 0.0)	('>10k+', 0.0)
STP-2_S47_R1_001	(1.0, 79.03332874921053)	(2.0, 10.133239531260022)	(3.0, 2.8114090932753673)	(4.0, 1.73612262836786)	(5.0, 1.2492347739211078)	(6.0, 0.8529747663327234)	(7.0, 0.6177419792869768)	(8.0, 0.5126814618322406)	(9.0, 0.37597950693815335)	('>10', 2.2423633839789137)	('>50', 0.35694132992413174)	('>100', 0.07798279567194617)	('>500', 0.0)	('>1k', 0.0)	('>5k', 0.0)	('>10k+', 0.0)
STP-2_S47_R2_001	(1.0, 80.80851761942311)	(2.0, 9.355826397552141)	(3.0, 2.6881672694386674)	(4.0, 1.5665110330527772)	(5.0, 1.0726564857296577)	(6.0, 0.805560509288786)	(7.0, 0.5832960299752856)	(8.0, 0.43710593835746486)	(9.0, 0.3596586788750842)	('>10', 1.9516699740348709)	('>50', 0.31150056311044966)	('>100', 0.05952950116171071)	('>500', 0.0)	('>1k', 0.0)	('>5k', 0.0)	('>10k+', 0.0)
STP-3_S48_R1_001	(1.0, 76.89270678571593)	(2.0, 11.368620789256186)	(3.0, 3.3647190182537305)	(4.0, 1.9971265970969425)	(5.0, 1.3220033595134355)	(6.0, 1.0397042690848943)	(7.0, 0.7450373075345234)	(8.0, 0.5493935745376322)	(9.0, 0.432352432031118)	('>10', 1.916370891710723)	('>50', 0.33085419852916365)	('>100', 0.041110776735695326)	('>500', 0.0)	('>1k', 0.0)	('>5k', 0.0)	('>10k+', 0.0)
STP-3_S48_R2_001	(1.0, 78.79609138781082)	(2.0, 10.597138030847407)	(3.0, 3.1571795402087717)	(4.0, 1.7377969548862469)	(5.0, 1.282992024148889)	(6.0, 0.9110411282399247)	(7.0, 0.6789823912080498)	(8.0, 0.49018096492461993)	(9.0, 0.3615747912107261)	('>10', 1.6745379263163223)	('>50', 0.2790429048944775)	('>100', 0.033441955303704744)	('>500', 0.0)	('>1k', 0.0)	('>5k', 0.0)	('>10k+', 0.0)
WBP-1_S5_R1_001	(1.0, 77.53350573778276)	(2.0, 10.272499054365623)	(3.0, 3.1533567996796337)	(4.0, 1.7359898311026973)	(5.0, 1.1837690521054345)	(6.0, 0.900183275087089)	(7.0, 0.7714384118232578)	(8.0, 0.5252895445224037)	(9.0, 0.48232456746101443)	('>10', 3.081630739508752)	('>50', 0.3226666129788357)	('>100', 0.037346373582393684)	('>500', 0.0)	('>1k', 0.0)	('>5k', 0.0)	('>10k+', 0.0)
WBP-1_S5_R2_001	(1.0, 79.09142536374918)	(2.0, 9.706299374560059)	(3.0, 2.8101835897872354)	(4.0, 1.660986436159717)	(5.0, 1.0909241085266903)	(6.0, 0.7945470600344416)	(7.0, 0.6570517042208497)	(8.0, 0.5100143922827473)	(9.0, 0.40290099640496146)	('>10', 2.984340463761765)	('>50', 0.2601738606756539)	('>100', 0.03115264983662138)	('>500', 0.0)	('>1k', 0.0)	('>5k', 0.0)	('>10k+', 0.0)
WBP-2_S6_R1_001	(1.0, 74.24593716223818)	(2.0, 10.112374370826286)	(3.0, 3.3591854672137726)	(4.0, 2.3446172754835355)	(5.0, 1.8511307054397463)	(6.0, 1.490425665614129)	(7.0, 1.1816263842432209)	(8.0, 0.9674582442183759)	(9.0, 0.790509826306064)	('>10', 3.0875489767638498)	('>50', 0.5196221417972648)	('>100', 0.049563779855499486)	('>500', 0.0)	('>1k', 0.0)	('>5k', 0.0)	('>10k+', 0.0)
WBP-2_S6_R2_001	(1.0, 76.31339874042006)	(2.0, 9.316436134258959)	(3.0, 3.3294031016871104)	(4.0, 2.2383336585006885)	(5.0, 1.7136287310977458)	(6.0, 1.354081340015141)	(7.0, 1.1149134635685856)	(8.0, 0.8562098740747928)	(9.0, 0.6518834317955267)	('>10', 2.641535055939658)	('>50', 0.43717693650493783)	('>100', 0.03299953213677859)	('>500', 0.0)	('>1k', 0.0)	('>5k', 0.0)	('>10k+', 0.0)
WBP-3_S7_R1_001	(1.0, 73.92196212601586)	(2.0, 11.267241769083666)	(3.0, 3.5758391688376383)	(4.0, 2.1673091805529148)	(5.0, 1.5662312043757367)	(6.0, 1.2217383884322783)	(7.0, 0.969816957111235)	(8.0, 0.8647870408040449)	(9.0, 0.6265592709664238)	('>10', 3.479609915467699)	('>50', 0.31058274123212565)	('>100', 0.02832223712043414)	('>500', 0.0)	('>1k', 0.0)	('>5k', 0.0)	('>10k+', 0.0)
WBP-3_S7_R2_001	(1.0, 75.56141776622471)	(2.0, 10.672119301709523)	(3.0, 3.4303152809604)	(4.0, 2.0422293887630105)	(5.0, 1.4999870731657357)	(6.0, 1.137508205128661)	(7.0, 0.9466130408075186)	(8.0, 0.7297368843178506)	(9.0, 0.5696212269212926)	('>10', 3.101235601967797)	('>50', 0.29456671497074166)	('>100', 0.014649515062757022)	('>500', 0.0)	('>1k', 0.0)	('>5k', 0.0)	('>10k+', 0.0)
WBP-4_S8_R1_001	(1.0, 69.82310522190274)	(2.0, 10.973037275951437)	(3.0, 2.903961207381691)	(4.0, 1.598785108346868)	(5.0, 1.318121576002047)	(6.0, 1.2784213121159693)	(7.0, 1.1822214443105654)	(8.0, 1.1209354568336145)	(9.0, 1.101830802005225)	('>10', 7.612420021056036)	('>50', 0.6342117892437226)	('>100', 0.45294878485020856)	('>500', 0.0)	('>1k', 0.0)	('>5k', 0.0)	('>10k+', 0.0)
WBP-4_S8_R2_001	(1.0, 72.82074627205174)	(2.0, 9.834148340744871)	(3.0, 2.6112740384402406)	(4.0, 1.6069291416479594)	(5.0, 1.2919499746263003)	(6.0, 1.2481278422786348)	(7.0, 1.135674074254313)	(8.0, 1.1014730683309946)	(9.0, 0.9873063646580872)	('>10', 6.385405662481268)	('>50', 0.5857108849303185)	('>100', 0.39125433555525607)	('>500', 0.0)	('>1k', 0.0)	('>5k', 0.0)	('>10k+', 0.0)
WBP-5_S9_R1_001	(1.0, 67.801309258593)	(2.0, 9.07950229006195)	(3.0, 2.2867538302881267)	(4.0, 1.3839658038283564)	(5.0, 1.2778596987217976)	(6.0, 1.326962891891466)	(7.0, 1.4195715832830318)	(8.0, 1.4227833470411277)	(9.0, 1.3511602099073943)	('>10', 11.937105191473846)	('>50', 0.5198630567772264)	('>100', 0.19316283813267565)	('>500', 0.0)	('>1k', 0.0)	('>5k', 0.0)	('>10k+', 0.0)
WBP-5_S9_R2_001	(1.0, 70.71609385179796)	(2.0, 8.350886730550094)	(3.0, 2.0941696015698725)	(4.0, 1.4462960539875416)	(5.0, 1.3081036100808678)	(6.0, 1.3562850238350634)	(7.0, 1.3260766711036809)	(8.0, 1.3300608632958588)	(9.0, 1.3441758054240323)	('>10', 10.071375851026694)	('>50', 0.5086627945629312)	('>100', 0.14781314276546587)	('>500', 0.0)	('>1k', 0.0)	('>5k', 0.0)	('>10k+', 0.0)
WBP-6_S10_R1_001	(1.0, 70.66098577108968)	(2.0, 10.246793646312753)	(3.0, 2.791673897379127)	(4.0, 1.6165344944199898)	(5.0, 1.5507823466335586)	(6.0, 1.4445293490638953)	(7.0, 1.366019401860918)	(8.0, 1.2356785443930611)	(9.0, 1.1523225361536227)	('>10', 6.972993587782514)	('>50', 0.46777796976933483)	('>100', 0.4939084551414731)	('>500', 0.0)	('>1k', 0.0)	('>5k', 0.0)	('>10k+', 0.0)
WBP-6_S10_R2_001	(1.0, 73.55254028819682)	(2.0, 9.163864343476243)	(3.0, 2.602675643197154)	(4.0, 1.6586706096556523)	(5.0, 1.4624447366456208)	(6.0, 1.318687972026206)	(7.0, 1.279144956086378)	(8.0, 1.1505354328268558)	(9.0, 0.9535526038041343)	('>10', 6.004286338252695)	('>50', 0.4231041039001938)	('>100', 0.4304929719320786)	('>500', 0.0)	('>1k', 0.0)	('>5k', 0.0)	('>10k+', 0.0)
WBP-7_S11_R1_001	(1.0, 67.49679368710474)	(2.0, 10.271858992182516)	(3.0, 2.3554023714143826)	(4.0, 1.2735366972873758)	(5.0, 1.1829442040397193)	(6.0, 1.0969990837312922)	(7.0, 1.1897124317358398)	(8.0, 1.2676765622307569)	(9.0, 1.2055969028497913)	('>10', 11.874695732197354)	('>50', 0.3670583062643671)	('>100', 0.4177250289618887)	('>500', 0.0)	('>1k', 0.0)	('>5k', 0.0)	('>10k+', 0.0)
WBP-7_S11_R2_001	(1.0, 70.85048204826532)	(2.0, 9.161097242670525)	(3.0, 2.215939583107428)	(4.0, 1.2827771056317092)	(5.0, 1.0908224280117655)	(6.0, 1.137189928846266)	(7.0, 1.2149396035246462)	(8.0, 1.274837295047544)	(9.0, 1.2298664604126948)	('>10', 9.880056532599454)	('>50', 0.30157143780161616)	('>100', 0.36042033408098323)	('>500', 0.0)	('>1k', 0.0)	('>5k', 0.0)	('>10k+', 0.0)
WBP-8_S12_R1_001	(1.0, 72.05897255528888)	(2.0, 10.053974927958755)	(3.0, 3.527247499920627)	(4.0, 2.4189946759217777)	(5.0, 1.9008867224080295)	(6.0, 1.5727800363500928)	(7.0, 1.2922105342730945)	(8.0, 1.144660245410899)	(9.0, 0.8812224644874186)	('>10', 5.033814354000359)	('>50', 0.10152810696293912)	('>100', 0.013707877017127747)	('>500', 0.0)	('>1k', 0.0)	('>5k', 0.0)	('>10k+', 0.0)
WBP-8_S12_R2_001	(1.0, 74.13438562412365)	(2.0, 9.423666062286596)	(3.0, 3.365500438453961)	(4.0, 2.234081381644905)	(5.0, 1.820060776010286)	(6.0, 1.419685279567034)	(7.0, 1.2294084657319164)	(8.0, 1.0317813736939112)	(9.0, 0.9180999914514885)	('>10', 4.333041163856918)	('>50', 0.08004084042138943)	('>100', 0.010248602757914685)	('>500', 0.0)	('>1k', 0.0)	('>5k', 0.0)	('>10k+', 0.0)
WZP-10_S41_R1_001	(1.0, 73.0300932974596)	(2.0, 10.160149106199205)	(3.0, 2.9152804320675125)	(4.0, 1.871922607879844)	(5.0, 1.698756501612728)	(6.0, 1.5478738438685582)	(7.0, 1.440664493486807)	(8.0, 1.193126967189229)	(9.0, 1.000172038145368)	('>10', 4.188470982233625)	('>50', 0.6116874418861084)	('>100', 0.34180228797144535)	('>500', 0.0)	('>1k', 0.0)	('>5k', 0.0)	('>10k+', 0.0)
WZP-10_S41_R2_001	(1.0, 75.95103013191545)	(2.0, 9.11376070028705)	(3.0, 2.6129149243544743)	(4.0, 1.8810931651733203)	(5.0, 1.5891168686923374)	(6.0, 1.4025381395355807)	(7.0, 1.2807136718341199)	(8.0, 0.9839694693793987)	(9.0, 0.8726530313213071)	('>10', 3.480695046386361)	('>50', 0.5418400881739571)	('>100', 0.2896747629466707)	('>500', 0.0)	('>1k', 0.0)	('>5k', 0.0)	('>10k+', 0.0)
WZP-11_S42_R1_001	(1.0, 72.67254027159123)	(2.0, 8.754057281155065)	(3.0, 2.1709171233569378)	(4.0, 1.3560389300008717)	(5.0, 1.2363279498463653)	(6.0, 1.2388039746725847)	(7.0, 1.2694942737638268)	(8.0, 1.2821288045800572)	(9.0, 1.1744304624046251)	('>10', 8.252472865916136)	('>50', 0.4235425665342213)	('>100', 0.16420996753540412)	('>500', 0.00503552864262614)	('>1k', 0.0)	('>5k', 0.0)	('>10k+', 0.0)
WZP-11_S42_R2_001	(1.0, 75.49323634277832)	(2.0, 7.921825690604388)	(3.0, 2.13943098846147)	(4.0, 1.3188842639341232)	(5.0, 1.2140590853381419)	(6.0, 1.2235148586778706)	(7.0, 1.2148545811432145)	(8.0, 1.1829193748075295)	(9.0, 1.0941689101055145)	('>10', 6.678010390381894)	('>50', 0.3840108808579326)	('>100', 0.1302113969697428)	('>500', 0.004873235939854793)	('>1k', 0.0)	('>5k', 0.0)	('>10k+', 0.0)
WZP-12_S43_R1_001	(1.0, 74.12779678874843)	(2.0, 9.971301919961434)	(3.0, 2.8474345363927904)	(4.0, 1.9146547234465128)	(5.0, 1.8019689274162372)	(6.0, 1.5222274949668582)	(7.0, 1.3016867219205868)	(8.0, 1.1012713831436263)	(9.0, 0.8936943252924934)	('>10', 3.8042231488400255)	('>50', 0.5447723949647532)	('>100', 0.16896763490628028)	('>500', 0.0)	('>1k', 0.0)	('>5k', 0.0)	('>10k+', 0.0)
WZP-12_S43_R2_001	(1.0, 76.6941149382334)	(2.0, 9.107868888013734)	(3.0, 2.665982501402493)	(4.0, 1.880693805087535)	(5.0, 1.6369331479945342)	(6.0, 1.4171199347357162)	(7.0, 1.2042442202501047)	(8.0, 0.9811179132527141)	(9.0, 0.7456325176935414)	('>10', 3.068324109263083)	('>50', 0.47735085726385434)	('>100', 0.12061716680936704)	('>500', 0.0)	('>1k', 0.0)	('>5k', 0.0)	('>10k+', 0.0)
WZP-13_S44_R1_001	(1.0, 74.40833054268052)	(2.0, 10.203702598384396)	(3.0, 3.3182927883503166)	(4.0, 2.3738759638682247)	(5.0, 2.0253775753976884)	(6.0, 1.5969997096307014)	(7.0, 1.2161693008612937)	(8.0, 0.9622029971717367)	(9.0, 0.7544831844469724)	('>10', 2.7095904410697624)	('>50', 0.40202796734433877)	('>100', 0.028946930794050398)	('>500', 0.0)	('>1k', 0.0)	('>5k', 0.0)	('>10k+', 0.0)
WZP-13_S44_R2_001	(1.0, 76.86493578123876)	(2.0, 9.213547918702393)	(3.0, 3.1269398700510207)	(4.0, 2.3200566846071977)	(5.0, 1.8203611043052625)	(6.0, 1.5045666728512506)	(7.0, 1.148585024077782)	(8.0, 0.8225628457750702)	(9.0, 0.6460041387163814)	('>10', 2.21014554736182)	('>50', 0.3013099086952131)	('>100', 0.02098450361780064)	('>500', 0.0)	('>1k', 0.0)	('>5k', 0.0)	('>10k+', 0.0)
WZP-14_S45_R1_001	(1.0, 72.31313454202642)	(2.0, 10.101780910812675)	(3.0, 3.257393678292909)	(4.0, 2.3022358923448483)	(5.0, 1.8817983526458675)	(6.0, 1.6556922865422783)	(7.0, 1.2999880066689622)	(8.0, 1.1353918825683966)	(9.0, 0.9358604079459969)	('>10', 4.5791178571568825)	('>50', 0.47962592683539224)	('>100', 0.05798025615936314)	('>500', 0.0)	('>1k', 0.0)	('>5k', 0.0)	('>10k+', 0.0)
WZP-14_S45_R2_001	(1.0, 74.6289267629386)	(2.0, 9.375178277179637)	(3.0, 3.1213902875816437)	(4.0, 2.175076639852336)	(5.0, 1.749819903016831)	(6.0, 1.5422989739922672)	(7.0, 1.2286199640111646)	(8.0, 0.9871597026865485)	(9.0, 0.893398651165645)	('>10', 3.843321073097967)	('>50', 0.4204593441978911)	('>100', 0.034350420279459976)	('>500', 0.0)	('>1k', 0.0)	('>5k', 0.0)	('>10k+', 0.0)
WZP-1_S32_R1_001	(1.0, 75.9379870784272)	(2.0, 10.474725707782465)	(3.0, 3.0976478664327756)	(4.0, 1.9996997723507226)	(5.0, 1.5178607569193787)	(6.0, 1.2221643086931966)	(7.0, 0.9158799416400629)	(8.0, 0.7347351536356562)	(9.0, 0.5811261164075721)	('>10', 2.5889830004425614)	('>50', 0.5978416892383143)	('>100', 0.3313486080301166)	('>500', 0.0)	('>1k', 0.0)	('>5k', 0.0)	('>10k+', 0.0)
WZP-1_S32_R2_001	(1.0, 78.67739815933322)	(2.0, 9.227407032808912)	(3.0, 2.8821528731975645)	(4.0, 1.8110871527490424)	(5.0, 1.3143822707966737)	(6.0, 1.0997141611790526)	(7.0, 0.8374474525515513)	(8.0, 0.6610705945193461)	(9.0, 0.4888970763391629)	('>10', 2.220512143566113)	('>50', 0.5279410436220118)	('>100', 0.251990039337394)	('>500', 0.0)	('>1k', 0.0)	('>5k', 0.0)	('>10k+', 0.0)
WZP-2_S33_R1_001	(1.0, 74.11253323974324)	(2.0, 10.115049370110498)	(3.0, 3.346732173962176)	(4.0, 2.1784574691592127)	(5.0, 1.727315765361517)	(6.0, 1.4034403385266392)	(7.0, 1.133008230512623)	(8.0, 0.9258570340438076)	(9.0, 0.7499092991899851)	('>10', 3.883758710016995)	('>50', 0.4013795633544108)	('>100', 0.022558806018870777)	('>500', 0.0)	('>1k', 0.0)	('>5k', 0.0)	('>10k+', 0.0)
WZP-2_S33_R2_001	(1.0, 76.2799171718426)	(2.0, 9.47173031639266)	(3.0, 3.064133170348299)	(4.0, 2.027818843623327)	(5.0, 1.6131459922428038)	(6.0, 1.2753958343928067)	(7.0, 1.0226103669410864)	(8.0, 0.9242926565561008)	(9.0, 0.702036350086687)	('>10', 3.2785912655165985)	('>50', 0.3206956497633887)	('>100', 0.01963238229366416)	('>500', 0.0)	('>1k', 0.0)	('>5k', 0.0)	('>10k+', 0.0)
WZP-3_S34_R1_001	(1.0, 77.46094991145608)	(2.0, 10.877763369697966)	(3.0, 3.119272189122905)	(4.0, 1.7196307455768458)	(5.0, 1.1848821630875048)	(6.0, 0.8712227379974674)	(7.0, 0.617542418162071)	(8.0, 0.44973644734517276)	(9.0, 0.3909325470432599)	('>10', 2.2315537262015024)	('>50', 0.7318432873037861)	('>100', 0.34467045700544197)	('>500', 0.0)	('>1k', 0.0)	('>5k', 0.0)	('>10k+', 0.0)
WZP-3_S34_R2_001	(1.0, 79.8438588601096)	(2.0, 9.674221330633085)	(3.0, 2.878538320703909)	(4.0, 1.6291034477874833)	(5.0, 1.0504939289249975)	(6.0, 0.7140669652999133)	(7.0, 0.5367901667272674)	(8.0, 0.42453449279348227)	(9.0, 0.31979614955826474)	('>10', 1.9985226133089846)	('>50', 0.6669536762700538)	('>100', 0.26312004788288257)	('>500', 0.0)	('>1k', 0.0)	('>5k', 0.0)	('>10k+', 0.0)
WZP-4_S35_R1_001	(1.0, 74.42713106557312)	(2.0, 10.755567695688386)	(3.0, 3.451518846247619)	(4.0, 2.2334021873751544)	(5.0, 1.7508356388343889)	(6.0, 1.43697577079141)	(7.0, 1.1572606636896638)	(8.0, 0.9295251215377498)	(9.0, 0.758523826728154)	('>10', 2.797413614796411)	('>50', 0.2731868913841781)	('>100', 0.02865867735378647)	('>500', 0.0)	('>1k', 0.0)	('>5k', 0.0)	('>10k+', 0.0)
WZP-4_S35_R2_001	(1.0, 76.74716416490539)	(2.0, 9.86014374517821)	(3.0, 3.161351898799362)	(4.0, 2.17110805538737)	(5.0, 1.5887977566624845)	(6.0, 1.3116745741135387)	(7.0, 1.0771900545641981)	(8.0, 0.8152066434187221)	(9.0, 0.6148649244278201)	('>10', 2.410743107256051)	('>50', 0.22236843306064694)	('>100', 0.019386642226287703)	('>500', 0.0)	('>1k', 0.0)	('>5k', 0.0)	('>10k+', 0.0)
WZP-5_S36_R1_001	(1.0, 78.75736301041141)	(2.0, 11.123175250699845)	(3.0, 3.308220130582662)	(4.0, 1.8202237442954)	(5.0, 1.23435428874473)	(6.0, 0.769040184612963)	(7.0, 0.49179118286936413)	(8.0, 0.36888645332410563)	(9.0, 0.23278842274002862)	('>10', 1.42393035492356)	('>50', 0.42753933936140404)	('>100', 0.04268763743449259)	('>500', 0.0)	('>1k', 0.0)	('>5k', 0.0)	('>10k+', 0.0)
WZP-5_S36_R2_001	(1.0, 81.55510656397273)	(2.0, 9.886184223971835)	(3.0, 2.7896486183221785)	(4.0, 1.6003369156271219)	(5.0, 0.9840464179556703)	(6.0, 0.688133044734492)	(7.0, 0.41047423006496075)	(8.0, 0.2667826887575157)	(9.0, 0.1897681437807761)	('>10', 1.2399749685651826)	('>50', 0.3622411941356901)	('>100', 0.027302990111803007)	('>500', 0.0)	('>1k', 0.0)	('>5k', 0.0)	('>10k+', 0.0)
WZP-6_S37_R1_001	(1.0, 72.41441825478383)	(2.0, 9.363934731888337)	(3.0, 3.3081301387735564)	(4.0, 2.5687019062002205)	(5.0, 2.3274960665928432)	(6.0, 1.9828010714321658)	(7.0, 1.6260901848605693)	(8.0, 1.3830668658322474)	(9.0, 1.0599820602620975)	('>10', 3.6939724835325447)	('>50', 0.241772733181278)	('>100', 0.029633502660294523)	('>500', 0.0)	('>1k', 0.0)	('>5k', 0.0)	('>10k+', 0.0)
WZP-6_S37_R2_001	(1.0, 75.01718112403758)	(2.0, 8.634074808801122)	(3.0, 3.125727902942157)	(4.0, 2.4564918304992513)	(5.0, 2.1478575129630597)	(6.0, 1.8366845832063574)	(7.0, 1.460780258615228)	(8.0, 1.131967981251453)	(9.0, 0.8395354037881861)	('>10', 3.1104759333645475)	('>50', 0.2207017344555979)	('>100', 0.01852092607549914)	('>500', 0.0)	('>1k', 0.0)	('>5k', 0.0)	('>10k+', 0.0)
WZP-7_S38_R1_001	(1.0, 73.70738021437163)	(2.0, 9.429930048420374)	(3.0, 3.208138932292777)	(4.0, 2.398428502829949)	(5.0, 2.113891936957685)	(6.0, 1.8676175239772885)	(7.0, 1.536775629488552)	(8.0, 1.2022191291807018)	(9.0, 0.9543238196178537)	('>10', 3.3100749104826943)	('>50', 0.25427554098176286)	('>100', 0.01694381139879047)	('>500', 0.0)	('>1k', 0.0)	('>5k', 0.0)	('>10k+', 0.0)
WZP-7_S38_R2_001	(1.0, 75.93278551534247)	(2.0, 8.807510403433454)	(3.0, 3.0265297171000576)	(4.0, 2.2950910980918557)	(5.0, 2.0361991952678915)	(6.0, 1.7020740608633802)	(7.0, 1.3193631263890604)	(8.0, 1.0625532917821736)	(9.0, 0.805731618793023)	('>10', 2.800094418161801)	('>50', 0.20281391278102723)	('>100', 0.009253641993854774)	('>500', 0.0)	('>1k', 0.0)	('>5k', 0.0)	('>10k+', 0.0)
WZP-8_S39_R1_001	(1.0, 72.86300239485485)	(2.0, 10.622648200379935)	(3.0, 3.280659934738523)	(4.0, 2.043499418679237)	(5.0, 1.7316154350932849)	(6.0, 1.47329946201341)	(7.0, 1.2001012374811386)	(8.0, 1.0309621366271793)	(9.0, 0.8944086248909879)	('>10', 4.354331092112591)	('>50', 0.44123343183125224)	('>100', 0.06423863129756598)	('>500', 0.0)	('>1k', 0.0)	('>5k', 0.0)	('>10k+', 0.0)
WZP-8_S39_R2_001	(1.0, 75.18657608166062)	(2.0, 9.697372295234102)	(3.0, 3.0979156450948575)	(4.0, 1.917795231327513)	(5.0, 1.6416120215674006)	(6.0, 1.3656538985150628)	(7.0, 1.1467653942091869)	(8.0, 0.9519091451542672)	(9.0, 0.7506845512412129)	('>10', 3.7749799968462012)	('>50', 0.42530267366736474)	('>100', 0.04343306548215132)	('>500', 0.0)	('>1k', 0.0)	('>5k', 0.0)	('>10k+', 0.0)
WZP-9_S40_R1_001	(1.0, 75.68466377246814)	(2.0, 10.614206393014996)	(3.0, 2.959137302651576)	(4.0, 1.882162418349613)	(5.0, 1.5576652369905746)	(6.0, 1.2477264134572568)	(7.0, 1.0485136182869221)	(8.0, 0.868602235915474)	(9.0, 0.7162641125404953)	('>10', 2.830529768263055)	('>50', 0.40763830397009815)	('>100', 0.18289042409181397)	('>500', 0.0)	('>1k', 0.0)	('>5k', 0.0)	('>10k+', 0.0)
WZP-9_S40_R2_001	(1.0, 78.38179335407708)	(2.0, 9.415424134456279)	(3.0, 2.7362160704803595)	(4.0, 1.8107699824379597)	(5.0, 1.4033576653489508)	(6.0, 1.154433249271243)	(7.0, 0.8952048873085449)	(8.0, 0.7381524948520584)	(9.0, 0.6260804326622084)	('>10', 2.3630365770338355)	('>50', 0.32282605117612795)	('>100', 0.1527051008953655)	('>500', 0.0)	('>1k', 0.0)	('>5k', 0.0)	('>10k+', 0.0)
