Sample	fastp-pct_duplication	fastp-after_filtering_q30_rate	fastp-after_filtering_q30_bases	fastp-filtering_result_passed_filter_reads	fastp-after_filtering_gc_content	fastp-pct_surviving_reads	fastp-pct_surviving_bases	fastp-before_filtering_read1_mean_length	fastp-before_filtering_read2_mean_length	fastqc-percent_duplicates	fastqc-percent_gc	fastqc-avg_sequence_length	fastqc-median_sequence_length	fastqc-percent_fails	fastqc-total_sequences
CZP-1_S3	2.9038399999999998	85.9652	5080.131805	39.13588	40.1369	100.0	100.0	151.0	151.0						
CZP-1_S3_R1_001										16.362559585092555	39.0	151.0	151	27.27272727272727	19.56794
CZP-1_S3_R2_001										15.021950661089988	40.0	151.0	151	27.27272727272727	19.56794
CZP-2_S4	2.99391	86.5985	12840.741089	98.19802	39.974199999999996	100.0	100.0	151.0	151.0						
CZP-2_S4_R1_001										24.13495754683659	39.0	151.0	151	27.27272727272727	49.09901
CZP-2_S4_R2_001										22.540115040560906	40.0	151.0	151	27.27272727272727	49.09901
ELP-1_S49	3.10561	85.4477	9797.894838999999	75.93734599999999	37.3478	100.0	100.0	151.0	151.0						
ELP-1_S49_R1_001										21.441507909392215	37.0	151.0	151	27.27272727272727	37.968672999999995
ELP-1_S49_R2_001										19.36425655542297	37.0	151.0	151	27.27272727272727	37.968672999999995
FRUpstream-1_S1	3.03999	86.1573	1444.070534	11.099912	36.4542	100.0	100.0	151.0	151.0						
FRUpstream-1_S1_R1_001										12.39274582108213	36.0	151.0	151	27.27272727272727	5.549956
FRUpstream-1_S1_R2_001										11.317870647947018	36.0	151.0	151	27.27272727272727	5.549956
FRUpstream-2_S2	2.88349	85.9868	1243.693573	9.578655999999999	36.3001	100.0	100.0	151.0	151.0						
FRUpstream-2_S2_R1_001										11.447584851829959	36.0	151.0	151	27.27272727272727	4.789327999999999
FRUpstream-2_S2_R2_001										10.383876833371417	36.0	151.0	151	27.27272727272727	4.789327999999999
FZP-1_S50	2.72283	84.6157	4327.28899	33.867882	36.364999999999995	100.0	100.0	151.0	151.0						
FZP-1_S50_R1_001										16.246227991599056	36.0	151.0	151	27.27272727272727	16.933941
FZP-1_S50_R2_001										14.394385405923913	36.0	151.0	151	27.27272727272727	16.933941
FZP-2_S51	3.07443	86.1788	3496.1428029999997	26.866529999999997	39.1102	100.0	100.0	151.0	151.0						
FZP-2_S51_R1_001										15.909746043609488	38.0	151.0	151	27.27272727272727	13.433264999999999
FZP-2_S51_R2_001										14.616128764288035	39.0	151.0	151	27.27272727272727	13.433264999999999
FZP-3_S52	2.70876	86.51689999999999	3253.414758	24.903564	40.2308	100.0	100.0	151.0	151.0						
FZP-3_S52_R1_001										15.064197978834471	40.0	151.0	151	27.27272727272727	12.451782
FZP-3_S52_R2_001										13.93415667204566	40.0	151.0	151	27.27272727272727	12.451782
HFP-1_S53	3.2328500000000004	86.4722	3058.39673	23.422884	41.1834	100.0	100.0	151.0	151.0						
HFP-1_S53_R1_001										16.064025288057962	41.0	151.0	151	27.27272727272727	11.711442
HFP-1_S53_R2_001										15.03578282095745	41.0	151.0	151	27.27272727272727	11.711442
KTP-10_S22	2.47947	84.2552	8342.843734	65.575306	37.543	100.0	100.0	151.0	151.0						
KTP-10_S22_R1_001										18.116715182672934	37.0	151.0	151	27.27272727272727	32.787653
KTP-10_S22_R2_001										16.09554085859051	37.0	151.0	151	27.27272727272727	32.787653
KTP-11_S23	2.26633	85.0209	3260.745191	25.39885	41.3136	100.0	100.0	151.0	151.0						
KTP-11_S23_R1_001										12.465661279708144	41.0	151.0	151	36.36363636363637	12.699425
KTP-11_S23_R2_001										11.211920821633413	41.0	151.0	151	36.36363636363637	12.699425
KTP-12_S24	2.93365	86.0846	4491.625127	34.554214	39.9893	100.0	100.0	151.0	151.0						
KTP-12_S24_R1_001										17.4808096287735	39.0	151.0	151	27.27272727272727	17.277107
KTP-12_S24_R2_001										16.140520221797345	40.0	151.0	151	27.27272727272727	17.277107
KTP-13_S25	2.6040799999999997	85.4268	3829.1613399999997	29.684696	39.3851	100.0	100.0	151.0	151.0						
KTP-13_S25_R1_001										10.490545770218944	39.0	151.0	151	27.27272727272727	14.842348
KTP-13_S25_R2_001										9.358866596818572	39.0	151.0	151	27.27272727272727	14.842348
KTP-14_S26	2.26821	84.5701	4632.087305999999	36.272962	38.643499999999996	100.0	100.0	151.0	151.0						
KTP-14_S26_R1_001										15.44016795783017	38.0	151.0	151	27.27272727272727	18.136481
KTP-14_S26_R2_001										13.749573284440359	39.0	151.0	151	27.27272727272727	18.136481
KTP-15_S27	2.63269	84.3622	4338.6485569999995	34.058811999999996	36.7844	100.0	100.0	151.0	151.0						
KTP-15_S27_R1_001										12.818228067389143	36.0	151.0	151	27.27272727272727	17.029405999999998
KTP-15_S27_R2_001										11.298086952182771	37.0	151.0	151	27.27272727272727	17.029405999999998
KTP-16_S28	2.46697	84.2679	3474.893438	27.30877	38.5054	100.0	100.0	151.0	151.0						
KTP-16_S28_R1_001										12.999900419105899	38.0	151.0	151	27.27272727272727	13.654385
KTP-16_S28_R2_001										11.443885153203652	38.0	151.0	151	27.27272727272727	13.654385
KTP-17_S29	2.65677	84.6122	4187.324041	32.773776	36.870000000000005	100.0	100.0	151.0	151.0						
KTP-17_S29_R1_001										13.46587790317416	36.0	151.0	151	27.27272727272727	16.386888
KTP-17_S29_R2_001										12.054701519031894	37.0	151.0	151	27.27272727272727	16.386888
KTP-18_S30	3.01539	85.10079999999999	4250.239294	33.07523	37.0385	100.0	100.0	151.0	151.0						
KTP-18_S30_R1_001										14.708249325982663	36.0	151.0	151	27.27272727272727	16.537615
KTP-18_S30_R2_001										13.15404510682005	37.0	151.0	151	27.27272727272727	16.537615
KTP-19_S31	2.60535	84.2474	6813.204296999999	53.557218	36.1452	100.0	100.0	151.0	151.0						
KTP-19_S31_R1_001										19.282710244020222	35.0	151.0	151	27.27272727272727	26.778609
KTP-19_S31_R2_001										16.95462794625415	36.0	151.0	151	27.27272727272727	26.778609
KTP-1_S13	2.57937	85.0239	3082.155374	24.006926	39.8028	100.0	100.0	151.0	151.0						
KTP-1_S13_R1_001										11.263476987266543	39.0	151.0	151	36.36363636363637	12.003463
KTP-1_S13_R2_001										10.021757400643608	40.0	151.0	151	27.27272727272727	12.003463
KTP-2_S14	3.06007	84.639	7313.627385	57.224916	36.6448	100.0	100.0	151.0	151.0						
KTP-2_S14_R1_001										18.74871539360427	36.0	151.0	151	27.27272727272727	28.612458
KTP-2_S14_R2_001										16.783958194961272	36.0	151.0	151	27.27272727272727	28.612458
KTP-3_S15	2.28084	84.10379999999999	4105.100925	32.324462	38.988099999999996	100.0	100.0	151.0	151.0						
KTP-3_S15_R1_001										12.4697362101128	38.0	151.0	151	27.27272727272727	16.162231
KTP-3_S15_R2_001										11.019013484280151	39.0	151.0	151	27.27272727272727	16.162231
KTP-4_S16	2.47908	84.1884	4513.221399	35.502382	37.3455	100.0	100.0	151.0	151.0						
KTP-4_S16_R1_001										11.39204925093857	37.0	151.0	151	27.27272727272727	17.751191
KTP-4_S16_R2_001										10.030256136630527	37.0	151.0	151	27.27272727272727	17.751191
KTP-5_S17	2.93201	84.9757	8269.338447	64.446454	38.4999	100.0	100.0	151.0	151.0						
KTP-5_S17_R1_001										19.405118251434743	38.0	151.0	151	27.27272727272727	32.223227
KTP-5_S17_R2_001										17.452590061336196	38.0	151.0	151	27.27272727272727	32.223227
KTP-6_S18	2.55671	85.50710000000001	3072.1453659999997	23.793744	39.5051	100.0	100.0	151.0	151.0						
KTP-6_S18_R1_001										14.440518453529265	39.0	151.0	151	27.27272727272727	11.896872
KTP-6_S18_R2_001										13.2822708873437	39.0	151.0	151	27.27272727272727	11.896872
KTP-7_S19	2.2114100000000003	84.2557	2795.714794	21.974372	46.4292	100.0	100.0	151.0	151.0						
KTP-7_S19_R1_001										9.770800431107318	46.0	151.0	151	36.36363636363637	10.987186
KTP-7_S19_R2_001										8.945160454704947	46.0	151.0	151	36.36363636363637	10.987186
KTP-8_S20	2.39551	84.4877	5180.041932	40.603418	38.6162	100.0	100.0	151.0	151.0						
KTP-8_S20_R1_001										13.18569175728436	38.0	151.0	151	27.27272727272727	20.301709
KTP-8_S20_R2_001										11.515833878548108	38.0	151.0	151	27.27272727272727	20.301709
KTP-9_S21	2.9852	85.1122	3985.308322	31.009396	42.7743	100.0	100.0	151.0	151.0						
KTP-9_S21_R1_001										12.532668778218763	42.0	151.0	151	36.36363636363637	15.504698
KTP-9_S21_R2_001										11.359700460105671	43.0	151.0	151	36.36363636363637	15.504698
STP-1_S46	2.2744299999999997	84.3118	2848.6814139999997	22.375798	35.8748	100.0	100.0	151.0	151.0						
STP-1_S46_R1_001										12.6073505758212	35.0	151.0	151	27.27272727272727	11.187899
STP-1_S46_R2_001										11.151921172455104	36.0	151.0	151	27.27272727272727	11.187899
STP-2_S47	2.6861099999999998	86.0314	3576.10268	27.528095999999998	39.9974	100.0	100.0	151.0	151.0						
STP-2_S47_R1_001										13.78716964487566	39.0	151.0	151	27.27272727272727	13.764047999999999
STP-2_S47_R2_001										12.563878120964546	40.0	151.0	151	27.27272727272727	13.764047999999999
STP-3_S48	3.34413	86.2769	3695.72223	28.367933999999998	39.0728	100.0	100.0	151.0	151.0						
STP-3_S48_R1_001										15.00845871646348	38.0	151.0	151	27.27272727272727	14.183966999999999
STP-3_S48_R2_001										13.69649641151885	39.0	151.0	151	27.27272727272727	14.183966999999999
WBP-1_S5	2.66091	86.40679999999999	2938.8754839999997	22.524562	40.3767	100.0	100.0	151.0	151.0						
WBP-1_S5_R1_001										15.030724608439598	40.0	151.0	151	27.27272727272727	11.262281
WBP-1_S5_R2_001										13.95974406021719	40.0	151.0	151	27.27272727272727	11.262281
WBP-2_S6	2.58006	86.1186	3177.6156189999997	24.435844	38.596799999999995	100.0	100.0	151.0	151.0						
WBP-2_S6_R1_001										17.76283613151108	38.0	151.0	151	27.27272727272727	12.217922
WBP-2_S6_R2_001										16.255534131315144	38.0	151.0	151	27.27272727272727	12.217922
WBP-3_S7	3.30013	87.235	2497.861672	18.962716	40.2933	100.0	100.0	151.0	151.0						
WBP-3_S7_R1_001										17.63908403350615	40.0	151.0	151	27.27272727272727	9.481358
WBP-3_S7_R2_001										16.457875687419588	40.0	151.0	151	27.27272727272727	9.481358
WBP-4_S8	2.8770000000000002	84.6568	7359.614721999999	57.572689999999994	36.7867	100.0	100.0	151.0	151.0						
WBP-4_S8_R1_001										21.889954528345044	36.0	151.0	151	27.27272727272727	28.786344999999997
WBP-4_S8_R2_001										19.6599289541942	37.0	151.0	151	27.27272727272727	28.786344999999997
WBP-5_S9	2.7399799999999996	85.0428	6099.114848	47.495504	36.8425	100.0	100.0	151.0	151.0						
WBP-5_S9_R1_001										24.740809705957872	36.0	151.0	151	27.27272727272727	23.747752
WBP-5_S9_R2_001										22.36383495531514	37.0	151.0	151	27.27272727272727	23.747752
WBP-6_S10	2.79123	85.1053	6476.163600999999	50.394604	36.8023	100.0	100.0	151.0	151.0						
WBP-6_S10_R1_001										21.35581061853688	36.0	151.0	151	27.27272727272727	25.197302
WBP-6_S10_R2_001										19.20606118754135	37.0	151.0	151	27.27272727272727	25.197302
WBP-7_S11	3.1286899999999997	84.6024	6935.1601359999995	54.287122	36.024	100.0	100.0	151.0	151.0						
WBP-7_S11_R1_001										24.592096637756825	35.0	151.0	151	27.27272727272727	27.143561
WBP-7_S11_R2_001										21.961864581291067	36.0	151.0	151	27.27272727272727	27.143561
WBP-8_S12	2.81599	86.62729999999999	2485.829619	19.003756	39.6156	100.0	100.0	151.0	151.0						
WBP-8_S12_R1_001										19.702842054597724	39.0	151.0	151	27.27272727272727	9.501878
WBP-8_S12_R2_001										18.150288109386494	39.0	151.0	151	27.27272727272727	9.501878
WZP-10_S41	2.4899299999999998	83.2231	5327.1972319999995	42.3914	36.0216	100.0	100.0	151.0	151.0						
WZP-10_S41_R1_001										19.065850860061275	35.0	151.0	151	27.27272727272727	21.1957
WZP-10_S41_R2_001										16.93195403392879	36.0	151.0	151	27.27272727272727	21.1957
WZP-11_S42	2.35805	84.5861	6787.614301	53.142385999999995	36.2789	100.0	100.0	151.0	151.0						
WZP-11_S42_R1_001										20.37838583705674	36.0	151.0	151	27.27272727272727	26.571192999999997
WZP-11_S42_R2_001										18.132303289880014	36.0	151.0	151	27.27272727272727	26.571192999999997
WZP-12_S43	2.5183400000000002	84.8666	5213.10993	40.680222	35.9369	100.0	100.0	151.0	151.0						
WZP-12_S43_R1_001										18.137983460555347	35.0	151.0	151	27.27272727272727	20.340111
WZP-12_S43_R2_001										16.22384549748817	36.0	151.0	151	27.27272727272727	20.340111
WZP-13_S44	2.69389	85.1996	3536.849248	27.491723999999998	37.6695	100.0	100.0	151.0	151.0						
WZP-13_S44_R1_001										17.54600054110128	37.0	151.0	151	27.27272727272727	13.745861999999999
WZP-13_S44_R2_001										15.79638816139412	37.0	151.0	151	27.27272727272727	13.745861999999999
WZP-14_S45	2.91681	85.9059	3940.3144159999997	30.376019999999997	37.719500000000004	100.0	100.0	151.0	151.0						
WZP-14_S45_R1_001										19.551479394576702	37.0	151.0	151	27.27272727272727	15.188009999999998
WZP-14_S45_R2_001										17.809737188196905	38.0	151.0	151	27.27272727272727	15.188009999999998
WZP-1_S32	2.40307	84.2341	5437.0832	42.74657	36.3921	100.0	100.0	151.0	151.0						
WZP-1_S32_R1_001										16.309754927805983	36.0	151.0	151	27.27272727272727	21.373285
WZP-1_S32_R2_001										14.434025398580644	36.0	151.0	151	27.27272727272727	21.373285
WZP-2_S33	2.7238100000000003	86.1912	3594.829492	27.620934	39.772600000000004	100.0	100.0	151.0	151.0						
WZP-2_S33_R1_001										17.95025543860274	39.0	151.0	151	27.27272727272727	13.810467
WZP-2_S33_R2_001										16.34368263160347	40.0	151.0	151	27.27272727272727	13.810467
WZP-3_S34	2.70952	85.2145	4907.888127	38.142047999999996	38.029	100.0	100.0	151.0	151.0						
WZP-3_S34_R1_001										14.905252713265938	37.0	151.0	151	27.27272727272727	19.071023999999998
WZP-3_S34_R2_001										13.324535468753112	38.0	151.0	151	27.27272727272727	19.071023999999998
WZP-4_S35	3.08847	85.80290000000001	3473.884698	26.81244	38.518	100.0	100.0	151.0	151.0						
WZP-4_S35_R1_001										17.324277646942647	38.0	151.0	151	27.27272727272727	13.40622
WZP-4_S35_R2_001										15.687003574539517	38.0	151.0	151	27.27272727272727	13.40622
WZP-5_S36	2.4617199999999997	83.8854	3781.985236	29.857708	36.5544	100.0	100.0	151.0	151.0						
WZP-5_S36_R1_001										13.51822353474509	36.0	151.0	151	27.27272727272727	14.928854
WZP-5_S36_R2_001										11.672491524626622	36.0	151.0	151	27.27272727272727	14.928854
WZP-6_S37	2.57668	84.8439	3385.787045	26.42785	36.6351	100.0	100.0	151.0	151.0						
WZP-6_S37_R1_001										19.56309732475124	36.0	151.0	151	27.27272727272727	13.213925
WZP-6_S37_R2_001										17.60172351182848	36.0	151.0	151	27.27272727272727	13.213925
WZP-7_S38	2.6823900000000003	85.4318	3438.4911119999997	26.654567999999998	38.658300000000004	100.0	100.0	151.0	151.0						
WZP-7_S38_R1_001										18.45168064335344	38.0	151.0	151	27.27272727272727	13.327283999999999
WZP-7_S38_R2_001										16.771220823220858	38.0	151.0	151	27.27272727272727	13.327283999999999
WZP-8_S39	2.91268	85.45819999999999	4308.290022	33.386739999999996	38.825500000000005	100.0	100.0	151.0	151.0						
WZP-8_S39_R1_001										18.915468679694683	38.0	151.0	151	27.27272727272727	16.693369999999998
WZP-8_S39_R2_001										17.256830126551705	39.0	151.0	151	27.27272727272727	16.693369999999998
WZP-9_S40	2.6258	84.4866	5676.4893759999995	44.495408	38.2634	100.0	100.0	151.0	151.0						
WZP-9_S40_R1_001										16.486767718486533	38.0	151.0	151	27.27272727272727	22.247704
WZP-9_S40_R2_001										14.608721998911633	38.0	151.0	151	27.27272727272727	22.247704
