Sample	0	1	2	3	4	5	6	7	8	9	10	11	12	13	14	15	16	17	18	19	20	21	22	23	24	25	26	27	28	29	30	31	32	33	34	35
20150415.B-CAMA_reseq_10_R1	(2.0, 60.0)	(3.0, 63.0)	(4.0, 83.0)	(5.0, 70.0)	(6.0, 144.0)	(7.0, 232.0)	(8.0, 732.0)	(9.0, 978.0)	(10.0, 1244.0)	(11.0, 1499.0)	(12.0, 1902.0)	(13.0, 2244.0)	(14.0, 3026.0)	(15.0, 4093.0)	(16.0, 5692.0)	(17.0, 7896.0)	(18.0, 11275.0)	(19.0, 16560.0)	(20.0, 27220.0)	(21.0, 62049.0)	(22.0, 527201.0)	(23.0, 53478.0)	(24.0, 51530.0)	(25.0, 62631.0)	(26.0, 70735.0)	(27.0, 79812.0)	(28.0, 96979.0)	(29.0, 121196.0)	(30.0, 150092.0)	(31.0, 187722.0)	(32.0, 241567.0)	(33.0, 326381.0)	(34.0, 470096.0)	(35.0, 758638.0)	(36.0, 1638532.0)	(37.0, 15787797.0)
20150415.B-CAMA_reseq_10_R2	(2.0, 24453.0)	(3.0, 3420.0)	(4.0, 2507.0)	(5.0, 2172.0)	(6.0, 2235.0)	(7.0, 2549.0)	(8.0, 3144.0)	(9.0, 3794.0)	(10.0, 4305.0)	(11.0, 5119.0)	(12.0, 6590.0)	(13.0, 8353.0)	(14.0, 11732.0)	(15.0, 15799.0)	(16.0, 21451.0)	(17.0, 30072.0)	(18.0, 45703.0)	(19.0, 82364.0)	(20.0, 530400.0)	(21.0, 87883.0)	(22.0, 73556.0)	(23.0, 79066.0)	(24.0, 87501.0)	(25.0, 101164.0)	(26.0, 116602.0)	(27.0, 134596.0)	(28.0, 155385.0)	(29.0, 178752.0)	(30.0, 207344.0)	(31.0, 248742.0)	(32.0, 311536.0)	(33.0, 409760.0)	(34.0, 575236.0)	(35.0, 910379.0)	(36.0, 1918129.0)	(37.0, 14369656.0)
20150415.B-CAMA_reseq_11_R1	(2.0, 49.0)	(3.0, 71.0)	(4.0, 56.0)	(5.0, 80.0)	(6.0, 146.0)	(7.0, 261.0)	(8.0, 705.0)	(9.0, 987.0)	(10.0, 1225.0)	(11.0, 1497.0)	(12.0, 1953.0)	(13.0, 2367.0)	(14.0, 2963.0)	(15.0, 4007.0)	(16.0, 5611.0)	(17.0, 7876.0)	(18.0, 11125.0)	(19.0, 16821.0)	(20.0, 27242.0)	(21.0, 60920.0)	(22.0, 428438.0)	(23.0, 53635.0)	(24.0, 44097.0)	(25.0, 50882.0)	(26.0, 59640.0)	(27.0, 71375.0)	(28.0, 90003.0)	(29.0, 114825.0)	(30.0, 145769.0)	(31.0, 183734.0)	(32.0, 240081.0)	(33.0, 325415.0)	(34.0, 470329.0)	(35.0, 758076.0)	(36.0, 1635476.0)	(37.0, 14472528.0)
20150415.B-CAMA_reseq_11_R2	(2.0, 23250.0)	(3.0, 3480.0)	(4.0, 2516.0)	(5.0, 2270.0)	(6.0, 2281.0)	(7.0, 2667.0)	(8.0, 3240.0)	(9.0, 3861.0)	(10.0, 4281.0)	(11.0, 5088.0)	(12.0, 6744.0)	(13.0, 8828.0)	(14.0, 12127.0)	(15.0, 16042.0)	(16.0, 22010.0)	(17.0, 30498.0)	(18.0, 44940.0)	(19.0, 77085.0)	(20.0, 419883.0)	(21.0, 79529.0)	(22.0, 71923.0)	(23.0, 79037.0)	(24.0, 89184.0)	(25.0, 102268.0)	(26.0, 119120.0)	(27.0, 137487.0)	(28.0, 157590.0)	(29.0, 182055.0)	(30.0, 211842.0)	(31.0, 254821.0)	(32.0, 318877.0)	(33.0, 419099.0)	(34.0, 584112.0)	(35.0, 920889.0)	(36.0, 1934863.0)	(37.0, 12936478.0)
20150415.B-CAMA_reseq_12_R1	(2.0, 51.0)	(3.0, 58.0)	(4.0, 83.0)	(5.0, 71.0)	(6.0, 108.0)	(7.0, 252.0)	(8.0, 680.0)	(9.0, 934.0)	(10.0, 1230.0)	(11.0, 1356.0)	(12.0, 1720.0)	(13.0, 2119.0)	(14.0, 2936.0)	(15.0, 3798.0)	(16.0, 5331.0)	(17.0, 7399.0)	(18.0, 10599.0)	(19.0, 15372.0)	(20.0, 25124.0)	(21.0, 56798.0)	(22.0, 476821.0)	(23.0, 54556.0)	(24.0, 47572.0)	(25.0, 57216.0)	(26.0, 64301.0)	(27.0, 71406.0)	(28.0, 86332.0)	(29.0, 107715.0)	(30.0, 133020.0)	(31.0, 164167.0)	(32.0, 209857.0)	(33.0, 281067.0)	(34.0, 401018.0)	(35.0, 641071.0)	(36.0, 1369754.0)	(37.0, 13885688.0)
20150415.B-CAMA_reseq_12_R2	(2.0, 21085.0)	(3.0, 3254.0)	(4.0, 2385.0)	(5.0, 2124.0)	(6.0, 2093.0)	(7.0, 2391.0)	(8.0, 2808.0)	(9.0, 3569.0)	(10.0, 4063.0)	(11.0, 4720.0)	(12.0, 5983.0)	(13.0, 7834.0)	(14.0, 10770.0)	(15.0, 14412.0)	(16.0, 19645.0)	(17.0, 27494.0)	(18.0, 41531.0)	(19.0, 74178.0)	(20.0, 488601.0)	(21.0, 80770.0)	(22.0, 68506.0)	(23.0, 73611.0)	(24.0, 80998.0)	(25.0, 91972.0)	(26.0, 105613.0)	(27.0, 121895.0)	(28.0, 139956.0)	(29.0, 160531.0)	(30.0, 184579.0)	(31.0, 219686.0)	(32.0, 274286.0)	(33.0, 358536.0)	(34.0, 499208.0)	(35.0, 785111.0)	(36.0, 1647603.0)	(37.0, 12555779.0)
20150415.B-CAMA_reseq_13_R1	(2.0, 57.0)	(3.0, 64.0)	(4.0, 72.0)	(5.0, 76.0)	(6.0, 150.0)	(7.0, 295.0)	(8.0, 726.0)	(9.0, 933.0)	(10.0, 1280.0)	(11.0, 1511.0)	(12.0, 1893.0)	(13.0, 2274.0)	(14.0, 2812.0)	(15.0, 3575.0)	(16.0, 4372.0)	(17.0, 5338.0)	(18.0, 6974.0)	(19.0, 8657.0)	(20.0, 11151.0)	(21.0, 15961.0)	(22.0, 46432.0)	(23.0, 94074.0)	(24.0, 27274.0)	(25.0, 36276.0)	(26.0, 46481.0)	(27.0, 60057.0)	(28.0, 78275.0)	(29.0, 101287.0)	(30.0, 130610.0)	(31.0, 168740.0)	(32.0, 222242.0)	(33.0, 301692.0)	(34.0, 436743.0)	(35.0, 706260.0)	(36.0, 1538615.0)	(37.0, 15001199.0)
20150415.B-CAMA_reseq_13_R2	(2.0, 18720.0)	(3.0, 2050.0)	(4.0, 1606.0)	(5.0, 1486.0)	(6.0, 1550.0)	(7.0, 1702.0)	(8.0, 2213.0)	(9.0, 2669.0)	(10.0, 3103.0)	(11.0, 3695.0)	(12.0, 4658.0)	(13.0, 5747.0)	(14.0, 7543.0)	(15.0, 9751.0)	(16.0, 12268.0)	(17.0, 15469.0)	(18.0, 20851.0)	(19.0, 30230.0)	(20.0, 122823.0)	(21.0, 41376.0)	(22.0, 46282.0)	(23.0, 55595.0)	(24.0, 65835.0)	(25.0, 78877.0)	(26.0, 93291.0)	(27.0, 110266.0)	(28.0, 129525.0)	(29.0, 152762.0)	(30.0, 181154.0)	(31.0, 219833.0)	(32.0, 278678.0)	(33.0, 368895.0)	(34.0, 521105.0)	(35.0, 832293.0)	(36.0, 1768267.0)	(37.0, 13852260.0)
20150415.B-CAMA_reseq_14_R1	(2.0, 35.0)	(3.0, 52.0)	(4.0, 58.0)	(5.0, 64.0)	(6.0, 130.0)	(7.0, 227.0)	(8.0, 617.0)	(9.0, 739.0)	(10.0, 984.0)	(11.0, 1191.0)	(12.0, 1452.0)	(13.0, 1777.0)	(14.0, 2399.0)	(15.0, 2951.0)	(16.0, 3849.0)	(17.0, 4895.0)	(18.0, 6137.0)	(19.0, 7776.0)	(20.0, 10020.0)	(21.0, 14506.0)	(22.0, 41121.0)	(23.0, 85821.0)	(24.0, 23960.0)	(25.0, 31423.0)	(26.0, 40637.0)	(27.0, 51907.0)	(28.0, 66874.0)	(29.0, 85482.0)	(30.0, 109703.0)	(31.0, 141396.0)	(32.0, 185116.0)	(33.0, 249723.0)	(34.0, 357258.0)	(35.0, 573341.0)	(36.0, 1233393.0)	(37.0, 12355144.0)
20150415.B-CAMA_reseq_14_R2	(2.0, 16255.0)	(3.0, 1987.0)	(4.0, 1495.0)	(5.0, 1391.0)	(6.0, 1412.0)	(7.0, 1701.0)	(8.0, 2005.0)	(9.0, 2368.0)	(10.0, 2908.0)	(11.0, 3380.0)	(12.0, 4159.0)	(13.0, 5310.0)	(14.0, 6961.0)	(15.0, 8662.0)	(16.0, 11098.0)	(17.0, 14210.0)	(18.0, 19196.0)	(19.0, 28266.0)	(20.0, 112426.0)	(21.0, 37138.0)	(22.0, 41049.0)	(23.0, 49019.0)	(24.0, 58861.0)	(25.0, 70045.0)	(26.0, 82313.0)	(27.0, 97231.0)	(28.0, 112884.0)	(29.0, 131572.0)	(30.0, 156245.0)	(31.0, 189610.0)	(32.0, 238252.0)	(33.0, 312591.0)	(34.0, 438280.0)	(35.0, 694842.0)	(36.0, 1467129.0)	(37.0, 11269907.0)
20150415.B-CAMA_reseq_15_R1	(2.0, 47.0)	(3.0, 63.0)	(4.0, 56.0)	(5.0, 79.0)	(6.0, 128.0)	(7.0, 290.0)	(8.0, 653.0)	(9.0, 952.0)	(10.0, 1276.0)	(11.0, 1522.0)	(12.0, 1923.0)	(13.0, 2359.0)	(14.0, 2906.0)	(15.0, 3671.0)	(16.0, 4748.0)	(17.0, 5883.0)	(18.0, 7615.0)	(19.0, 9215.0)	(20.0, 11991.0)	(21.0, 16993.0)	(22.0, 51624.0)	(23.0, 96970.0)	(24.0, 28803.0)	(25.0, 38143.0)	(26.0, 49093.0)	(27.0, 62639.0)	(28.0, 80162.0)	(29.0, 102825.0)	(30.0, 130407.0)	(31.0, 167010.0)	(32.0, 215512.0)	(33.0, 289256.0)	(34.0, 413217.0)	(35.0, 659628.0)	(36.0, 1407920.0)	(37.0, 14265277.0)
20150415.B-CAMA_reseq_15_R2	(2.0, 17843.0)	(3.0, 1948.0)	(4.0, 1661.0)	(5.0, 1519.0)	(6.0, 1548.0)	(7.0, 1803.0)	(8.0, 2256.0)	(9.0, 2875.0)	(10.0, 3409.0)	(11.0, 4134.0)	(12.0, 5149.0)	(13.0, 6367.0)	(14.0, 8448.0)	(15.0, 10877.0)	(16.0, 13560.0)	(17.0, 17617.0)	(18.0, 23518.0)	(19.0, 34058.0)	(20.0, 132448.0)	(21.0, 46532.0)	(22.0, 51767.0)	(23.0, 61367.0)	(24.0, 72690.0)	(25.0, 85730.0)	(26.0, 101685.0)	(27.0, 117552.0)	(28.0, 136268.0)	(29.0, 158643.0)	(30.0, 185354.0)	(31.0, 224073.0)	(32.0, 279854.0)	(33.0, 366584.0)	(34.0, 510252.0)	(35.0, 802569.0)	(36.0, 1685184.0)	(37.0, 12953714.0)
20150415.B-CAMA_reseq_16_R1	(2.0, 37.0)	(3.0, 48.0)	(4.0, 63.0)	(5.0, 74.0)	(6.0, 107.0)	(7.0, 215.0)	(8.0, 576.0)	(9.0, 678.0)	(10.0, 899.0)	(11.0, 1061.0)	(12.0, 1360.0)	(13.0, 1666.0)	(14.0, 2062.0)	(15.0, 2667.0)	(16.0, 3462.0)	(17.0, 4131.0)	(18.0, 5555.0)	(19.0, 6863.0)	(20.0, 9186.0)	(21.0, 13007.0)	(22.0, 38416.0)	(23.0, 39636.0)	(24.0, 22594.0)	(25.0, 30108.0)	(26.0, 40511.0)	(27.0, 53963.0)	(28.0, 70994.0)	(29.0, 92979.0)	(30.0, 121084.0)	(31.0, 158084.0)	(32.0, 209757.0)	(33.0, 289188.0)	(34.0, 426596.0)	(35.0, 713174.0)	(36.0, 1632715.0)	(37.0, 12592968.0)
20150415.B-CAMA_reseq_16_R2	(2.0, 15672.0)	(3.0, 1480.0)	(4.0, 1047.0)	(5.0, 937.0)	(6.0, 1097.0)	(7.0, 1289.0)	(8.0, 1640.0)	(9.0, 2063.0)	(10.0, 2370.0)	(11.0, 2839.0)	(12.0, 3447.0)	(13.0, 4538.0)	(14.0, 5894.0)	(15.0, 7470.0)	(16.0, 9393.0)	(17.0, 12121.0)	(18.0, 16203.0)	(19.0, 22513.0)	(20.0, 65647.0)	(21.0, 32095.0)	(22.0, 37819.0)	(23.0, 46608.0)	(24.0, 56529.0)	(25.0, 68322.0)	(26.0, 82273.0)	(27.0, 97795.0)	(28.0, 115681.0)	(29.0, 135590.0)	(30.0, 161674.0)	(31.0, 198962.0)	(32.0, 253434.0)	(33.0, 334945.0)	(34.0, 473134.0)	(35.0, 753718.0)	(36.0, 1599771.0)	(37.0, 11960474.0)
20150415.B-CAMA_reseq_17_R1	(2.0, 58.0)	(3.0, 51.0)	(4.0, 76.0)	(5.0, 58.0)	(6.0, 137.0)	(7.0, 264.0)	(8.0, 695.0)	(9.0, 882.0)	(10.0, 1148.0)	(11.0, 1364.0)	(12.0, 1816.0)	(13.0, 2192.0)	(14.0, 2814.0)	(15.0, 3597.0)	(16.0, 4445.0)	(17.0, 5701.0)	(18.0, 7469.0)	(19.0, 9337.0)	(20.0, 12405.0)	(21.0, 18464.0)	(22.0, 52079.0)	(23.0, 95015.0)	(24.0, 28561.0)	(25.0, 37608.0)	(26.0, 49577.0)	(27.0, 64174.0)	(28.0, 84163.0)	(29.0, 108882.0)	(30.0, 141602.0)	(31.0, 182941.0)	(32.0, 240867.0)	(33.0, 328735.0)	(34.0, 472119.0)	(35.0, 760498.0)	(36.0, 1635460.0)	(37.0, 12693705.0)
20150415.B-CAMA_reseq_17_R2	(2.0, 17830.0)	(3.0, 2179.0)	(4.0, 1647.0)	(5.0, 1605.0)	(6.0, 1742.0)	(7.0, 1941.0)	(8.0, 2346.0)	(9.0, 2834.0)	(10.0, 3585.0)	(11.0, 4155.0)	(12.0, 5030.0)	(13.0, 6386.0)	(14.0, 8516.0)	(15.0, 11002.0)	(16.0, 14324.0)	(17.0, 18845.0)	(18.0, 25775.0)	(19.0, 36923.0)	(20.0, 129556.0)	(21.0, 49855.0)	(22.0, 56432.0)	(23.0, 67518.0)	(24.0, 80180.0)	(25.0, 94389.0)	(26.0, 110277.0)	(27.0, 128932.0)	(28.0, 149462.0)	(29.0, 173909.0)	(30.0, 205079.0)	(31.0, 247865.0)	(32.0, 308731.0)	(33.0, 403267.0)	(34.0, 560536.0)	(35.0, 876988.0)	(36.0, 1820863.0)	(37.0, 11418455.0)
20150415.B-CAMA_reseq_18_R1	(2.0, 64.0)	(3.0, 60.0)	(4.0, 71.0)	(5.0, 76.0)	(6.0, 114.0)	(7.0, 275.0)	(8.0, 696.0)	(9.0, 968.0)	(10.0, 1185.0)	(11.0, 1427.0)	(12.0, 1909.0)	(13.0, 2302.0)	(14.0, 2837.0)	(15.0, 3720.0)	(16.0, 4819.0)	(17.0, 6168.0)	(18.0, 8367.0)	(19.0, 10782.0)	(20.0, 14291.0)	(21.0, 21461.0)	(22.0, 74252.0)	(23.0, 101908.0)	(24.0, 34164.0)	(25.0, 43711.0)	(26.0, 55950.0)	(27.0, 71955.0)	(28.0, 94037.0)	(29.0, 122365.0)	(30.0, 155333.0)	(31.0, 200945.0)	(32.0, 265032.0)	(33.0, 363185.0)	(34.0, 534399.0)	(35.0, 889914.0)	(36.0, 2000102.0)	(37.0, 12166894.0)
20150415.B-CAMA_reseq_18_R2	(2.0, 20510.0)	(3.0, 3072.0)	(4.0, 2256.0)	(5.0, 1998.0)	(6.0, 2096.0)	(7.0, 2341.0)	(8.0, 2678.0)	(9.0, 3218.0)	(10.0, 3850.0)	(11.0, 4529.0)	(12.0, 5510.0)	(13.0, 6923.0)	(14.0, 9272.0)	(15.0, 11702.0)	(16.0, 14942.0)	(17.0, 19971.0)	(18.0, 27053.0)	(19.0, 39486.0)	(20.0, 156345.0)	(21.0, 54297.0)	(22.0, 60094.0)	(23.0, 70291.0)	(24.0, 83405.0)	(25.0, 98348.0)	(26.0, 115493.0)	(27.0, 133964.0)	(28.0, 155772.0)	(29.0, 180580.0)	(30.0, 213210.0)	(31.0, 256825.0)	(32.0, 321170.0)	(33.0, 418626.0)	(34.0, 581817.0)	(35.0, 913220.0)	(36.0, 1898939.0)	(37.0, 11361935.0)
20150415.B-CAMA_reseq_19_R1	(2.0, 70.0)	(3.0, 85.0)	(4.0, 87.0)	(5.0, 102.0)	(6.0, 182.0)	(7.0, 387.0)	(8.0, 933.0)	(9.0, 1267.0)	(10.0, 1781.0)	(11.0, 2110.0)	(12.0, 2705.0)	(13.0, 3270.0)	(14.0, 4162.0)	(15.0, 5104.0)	(16.0, 6543.0)	(17.0, 8247.0)	(18.0, 10471.0)	(19.0, 13364.0)	(20.0, 17630.0)	(21.0, 26730.0)	(22.0, 76775.0)	(23.0, 140598.0)	(24.0, 43700.0)	(25.0, 57870.0)	(26.0, 75731.0)	(27.0, 97330.0)	(28.0, 126486.0)	(29.0, 164007.0)	(30.0, 212737.0)	(31.0, 276115.0)	(32.0, 363104.0)	(33.0, 497387.0)	(34.0, 721647.0)	(35.0, 1172257.0)	(36.0, 2634684.0)	(37.0, 19356005.0)
20150415.B-CAMA_reseq_19_R2	(2.0, 30637.0)	(3.0, 5649.0)	(4.0, 3177.0)	(5.0, 3101.0)	(6.0, 3406.0)	(7.0, 3624.0)	(8.0, 4067.0)	(9.0, 4742.0)	(10.0, 5577.0)	(11.0, 6555.0)	(12.0, 8061.0)	(13.0, 10180.0)	(14.0, 13070.0)	(15.0, 17284.0)	(16.0, 22918.0)	(17.0, 30326.0)	(18.0, 41490.0)	(19.0, 62812.0)	(20.0, 188604.0)	(21.0, 73000.0)	(22.0, 83910.0)	(23.0, 100368.0)	(24.0, 118935.0)	(25.0, 140756.0)	(26.0, 164326.0)	(27.0, 192433.0)	(28.0, 224209.0)	(29.0, 261171.0)	(30.0, 309578.0)	(31.0, 379239.0)	(32.0, 476703.0)	(33.0, 629661.0)	(34.0, 886599.0)	(35.0, 1419531.0)	(36.0, 3074225.0)	(37.0, 17121739.0)
20150415.B-CAMA_reseq_1_R1	(2.0, 49.0)	(3.0, 76.0)	(4.0, 74.0)	(5.0, 77.0)	(6.0, 134.0)	(7.0, 335.0)	(8.0, 814.0)	(9.0, 1038.0)	(10.0, 1489.0)	(11.0, 1749.0)	(12.0, 2306.0)	(13.0, 2839.0)	(14.0, 3628.0)	(15.0, 4616.0)	(16.0, 6169.0)	(17.0, 7994.0)	(18.0, 10524.0)	(19.0, 13924.0)	(20.0, 20123.0)	(21.0, 38029.0)	(22.0, 147734.0)	(23.0, 37876.0)	(24.0, 43286.0)	(25.0, 52940.0)	(26.0, 67954.0)	(27.0, 88483.0)	(28.0, 114574.0)	(29.0, 146940.0)	(30.0, 187448.0)	(31.0, 240658.0)	(32.0, 320314.0)	(33.0, 449796.0)	(34.0, 681192.0)	(35.0, 1182761.0)	(36.0, 2795351.0)	(37.0, 12930393.0)
20150415.B-CAMA_reseq_1_R2	(2.0, 22485.0)	(3.0, 2898.0)	(4.0, 2352.0)	(5.0, 2039.0)	(6.0, 2074.0)	(7.0, 2164.0)	(8.0, 2746.0)	(9.0, 3277.0)	(10.0, 3891.0)	(11.0, 4493.0)	(12.0, 5346.0)	(13.0, 7077.0)	(14.0, 8999.0)	(15.0, 11257.0)	(16.0, 14491.0)	(17.0, 18414.0)	(18.0, 25335.0)	(19.0, 38331.0)	(20.0, 171623.0)	(21.0, 49948.0)	(22.0, 53512.0)	(23.0, 62345.0)	(24.0, 74134.0)	(25.0, 87822.0)	(26.0, 103441.0)	(27.0, 121748.0)	(28.0, 141772.0)	(29.0, 166094.0)	(30.0, 196682.0)	(31.0, 240637.0)	(32.0, 302116.0)	(33.0, 399922.0)	(34.0, 561900.0)	(35.0, 893022.0)	(36.0, 1886302.0)	(37.0, 13912998.0)
20150415.B-CAMA_reseq_20_R1	(2.0, 55.0)	(3.0, 65.0)	(4.0, 85.0)	(5.0, 87.0)	(6.0, 155.0)	(7.0, 320.0)	(8.0, 861.0)	(9.0, 1124.0)	(10.0, 1570.0)	(11.0, 1768.0)	(12.0, 2296.0)	(13.0, 2857.0)	(14.0, 3613.0)	(15.0, 4478.0)	(16.0, 5826.0)	(17.0, 7211.0)	(18.0, 9317.0)	(19.0, 11905.0)	(20.0, 16202.0)	(21.0, 24384.0)	(22.0, 78526.0)	(23.0, 125748.0)	(24.0, 37068.0)	(25.0, 48840.0)	(26.0, 62968.0)	(27.0, 80644.0)	(28.0, 103956.0)	(29.0, 133647.0)	(30.0, 171164.0)	(31.0, 218367.0)	(32.0, 286814.0)	(33.0, 387249.0)	(34.0, 558239.0)	(35.0, 901387.0)	(36.0, 2029900.0)	(37.0, 17717470.0)
20150415.B-CAMA_reseq_20_R2	(2.0, 24752.0)	(3.0, 4204.0)	(4.0, 2303.0)	(5.0, 2204.0)	(6.0, 2451.0)	(7.0, 2583.0)	(8.0, 3141.0)	(9.0, 3753.0)	(10.0, 4394.0)	(11.0, 4997.0)	(12.0, 6369.0)	(13.0, 8176.0)	(14.0, 10424.0)	(15.0, 13869.0)	(16.0, 18203.0)	(17.0, 24489.0)	(18.0, 34095.0)	(19.0, 52288.0)	(20.0, 171070.0)	(21.0, 57641.0)	(22.0, 66061.0)	(23.0, 78135.0)	(24.0, 91744.0)	(25.0, 108959.0)	(26.0, 128035.0)	(27.0, 148993.0)	(28.0, 173419.0)	(29.0, 203923.0)	(30.0, 241503.0)	(31.0, 295333.0)	(32.0, 373647.0)	(33.0, 494556.0)	(34.0, 701695.0)	(35.0, 1129494.0)	(36.0, 2504892.0)	(37.0, 15844371.0)
20150415.B-CAMA_reseq_21_R1	(2.0, 66.0)	(3.0, 105.0)	(4.0, 92.0)	(5.0, 100.0)	(6.0, 207.0)	(7.0, 434.0)	(8.0, 1021.0)	(9.0, 1430.0)	(10.0, 1894.0)	(11.0, 2165.0)	(12.0, 2871.0)	(13.0, 3377.0)	(14.0, 4381.0)	(15.0, 5433.0)	(16.0, 6878.0)	(17.0, 8661.0)	(18.0, 11046.0)	(19.0, 14116.0)	(20.0, 19529.0)	(21.0, 30086.0)	(22.0, 101118.0)	(23.0, 164853.0)	(24.0, 48175.0)	(25.0, 64129.0)	(26.0, 83579.0)	(27.0, 106867.0)	(28.0, 138579.0)	(29.0, 178836.0)	(30.0, 229428.0)	(31.0, 295299.0)	(32.0, 387357.0)	(33.0, 526692.0)	(34.0, 758154.0)	(35.0, 1224700.0)	(36.0, 2728215.0)	(37.0, 18759966.0)
20150415.B-CAMA_reseq_21_R2	(2.0, 30110.0)	(3.0, 5863.0)	(4.0, 3634.0)	(5.0, 3403.0)	(6.0, 3773.0)	(7.0, 3949.0)	(8.0, 4651.0)	(9.0, 5501.0)	(10.0, 6448.0)	(11.0, 7613.0)	(12.0, 9587.0)	(13.0, 12172.0)	(14.0, 15840.0)	(15.0, 21338.0)	(16.0, 28494.0)	(17.0, 38397.0)	(18.0, 53355.0)	(19.0, 79950.0)	(20.0, 237975.0)	(21.0, 92440.0)	(22.0, 105855.0)	(23.0, 123890.0)	(24.0, 144886.0)	(25.0, 169449.0)	(26.0, 196351.0)	(27.0, 226117.0)	(28.0, 259289.0)	(29.0, 300158.0)	(30.0, 351324.0)	(31.0, 422945.0)	(32.0, 530430.0)	(33.0, 693911.0)	(34.0, 966526.0)	(35.0, 1527211.0)	(36.0, 3234269.0)	(37.0, 15992735.0)
20150415.B-CAMA_reseq_22_R1	(2.0, 61.0)	(3.0, 82.0)	(4.0, 71.0)	(5.0, 91.0)	(6.0, 142.0)	(7.0, 316.0)	(8.0, 760.0)	(9.0, 1147.0)	(10.0, 1388.0)	(11.0, 1628.0)	(12.0, 2118.0)	(13.0, 2608.0)	(14.0, 3364.0)	(15.0, 4233.0)	(16.0, 5318.0)	(17.0, 6868.0)	(18.0, 8706.0)	(19.0, 11515.0)	(20.0, 15475.0)	(21.0, 23700.0)	(22.0, 74680.0)	(23.0, 141745.0)	(24.0, 37716.0)	(25.0, 49893.0)	(26.0, 64214.0)	(27.0, 81940.0)	(28.0, 106169.0)	(29.0, 135512.0)	(30.0, 173189.0)	(31.0, 221968.0)	(32.0, 288188.0)	(33.0, 387318.0)	(34.0, 552348.0)	(35.0, 887107.0)	(36.0, 1970930.0)	(37.0, 16249714.0)
20150415.B-CAMA_reseq_22_R2	(2.0, 27200.0)	(3.0, 5395.0)	(4.0, 3487.0)	(5.0, 3355.0)	(6.0, 3452.0)	(7.0, 3453.0)	(8.0, 4107.0)	(9.0, 4646.0)	(10.0, 5439.0)	(11.0, 6509.0)	(12.0, 8093.0)	(13.0, 10059.0)	(14.0, 13050.0)	(15.0, 17320.0)	(16.0, 22967.0)	(17.0, 30865.0)	(18.0, 42644.0)	(19.0, 64055.0)	(20.0, 196349.0)	(21.0, 75461.0)	(22.0, 86615.0)	(23.0, 100841.0)	(24.0, 117516.0)	(25.0, 136305.0)	(26.0, 157426.0)	(27.0, 180727.0)	(28.0, 207386.0)	(29.0, 237597.0)	(30.0, 278577.0)	(31.0, 334706.0)	(32.0, 415168.0)	(33.0, 540818.0)	(34.0, 753993.0)	(35.0, 1190400.0)	(36.0, 2529558.0)	(37.0, 13696683.0)
20150415.B-CAMA_reseq_23_R1	(2.0, 44.0)	(3.0, 45.0)	(4.0, 60.0)	(5.0, 53.0)	(6.0, 127.0)	(7.0, 292.0)	(8.0, 807.0)	(9.0, 1070.0)	(10.0, 1463.0)	(11.0, 1732.0)	(12.0, 2178.0)	(13.0, 2628.0)	(14.0, 3423.0)	(15.0, 4591.0)	(16.0, 6503.0)	(17.0, 9987.0)	(18.0, 15607.0)	(19.0, 25239.0)	(20.0, 40446.0)	(21.0, 76953.0)	(22.0, 339306.0)	(23.0, 880522.0)	(24.0, 77056.0)	(25.0, 97276.0)	(26.0, 103693.0)	(27.0, 104570.0)	(28.0, 115044.0)	(29.0, 136757.0)	(30.0, 163711.0)	(31.0, 198550.0)	(32.0, 249383.0)	(33.0, 334547.0)	(34.0, 480464.0)	(35.0, 779742.0)	(36.0, 1780722.0)	(37.0, 15879322.0)
20150415.B-CAMA_reseq_23_R2	(2.0, 27198.0)	(3.0, 4941.0)	(4.0, 2328.0)	(5.0, 2228.0)	(6.0, 2389.0)	(7.0, 2601.0)	(8.0, 3464.0)	(9.0, 3959.0)	(10.0, 4401.0)	(11.0, 5045.0)	(12.0, 7418.0)	(13.0, 11231.0)	(14.0, 16662.0)	(15.0, 25274.0)	(16.0, 36863.0)	(17.0, 55441.0)	(18.0, 90666.0)	(19.0, 183920.0)	(20.0, 1024339.0)	(21.0, 109122.0)	(22.0, 94511.0)	(23.0, 93595.0)	(24.0, 96456.0)	(25.0, 105926.0)	(26.0, 120514.0)	(27.0, 136552.0)	(28.0, 155453.0)	(29.0, 176674.0)	(30.0, 205032.0)	(31.0, 249455.0)	(32.0, 317899.0)	(33.0, 425116.0)	(34.0, 611044.0)	(35.0, 1002231.0)	(36.0, 2281502.0)	(37.0, 14222463.0)
20150415.B-CAMA_reseq_24_R1	(2.0, 31.0)	(3.0, 39.0)	(4.0, 46.0)	(5.0, 63.0)	(6.0, 118.0)	(7.0, 233.0)	(8.0, 700.0)	(9.0, 1003.0)	(10.0, 1233.0)	(11.0, 1460.0)	(12.0, 1892.0)	(13.0, 2188.0)	(14.0, 2908.0)	(15.0, 4233.0)	(16.0, 6487.0)	(17.0, 10283.0)	(18.0, 16787.0)	(19.0, 26992.0)	(20.0, 44995.0)	(21.0, 89243.0)	(22.0, 431272.0)	(23.0, 1059436.0)	(24.0, 87274.0)	(25.0, 111718.0)	(26.0, 116741.0)	(27.0, 113951.0)	(28.0, 113184.0)	(29.0, 127665.0)	(30.0, 147892.0)	(31.0, 173104.0)	(32.0, 214149.0)	(33.0, 286368.0)	(34.0, 415294.0)	(35.0, 674498.0)	(36.0, 1558050.0)	(37.0, 14385807.0)
20150415.B-CAMA_reseq_24_R2	(2.0, 28733.0)	(3.0, 5241.0)	(4.0, 2501.0)	(5.0, 2064.0)	(6.0, 2242.0)	(7.0, 2587.0)	(8.0, 3374.0)	(9.0, 3874.0)	(10.0, 3946.0)	(11.0, 4633.0)	(12.0, 7237.0)	(13.0, 11742.0)	(14.0, 18323.0)	(15.0, 28266.0)	(16.0, 42186.0)	(17.0, 64856.0)	(18.0, 109140.0)	(19.0, 226142.0)	(20.0, 1254401.0)	(21.0, 117921.0)	(22.0, 93354.0)	(23.0, 89049.0)	(24.0, 86641.0)	(25.0, 93133.0)	(26.0, 104270.0)	(27.0, 117146.0)	(28.0, 132021.0)	(29.0, 148837.0)	(30.0, 170144.0)	(31.0, 207344.0)	(32.0, 267646.0)	(33.0, 363580.0)	(34.0, 529858.0)	(35.0, 882664.0)	(36.0, 2055155.0)	(37.0, 12947086.0)
20150415.B-CAMA_reseq_25_R1	(2.0, 59.0)	(3.0, 62.0)	(4.0, 64.0)	(5.0, 92.0)	(6.0, 153.0)	(7.0, 296.0)	(8.0, 805.0)	(9.0, 1113.0)	(10.0, 1518.0)	(11.0, 1766.0)	(12.0, 2414.0)	(13.0, 2820.0)	(14.0, 3793.0)	(15.0, 4862.0)	(16.0, 6328.0)	(17.0, 8232.0)	(18.0, 11254.0)	(19.0, 15006.0)	(20.0, 21504.0)	(21.0, 42644.0)	(22.0, 146131.0)	(23.0, 38766.0)	(24.0, 47371.0)	(25.0, 60959.0)	(26.0, 78234.0)	(27.0, 101928.0)	(28.0, 132756.0)	(29.0, 171527.0)	(30.0, 219791.0)	(31.0, 287862.0)	(32.0, 386021.0)	(33.0, 542431.0)	(34.0, 823190.0)	(35.0, 1406701.0)	(36.0, 3292666.0)	(37.0, 12476913.0)
20150415.B-CAMA_reseq_25_R2	(2.0, 24539.0)	(3.0, 4695.0)	(4.0, 2821.0)	(5.0, 2724.0)	(6.0, 2840.0)	(7.0, 2879.0)	(8.0, 3466.0)	(9.0, 4020.0)	(10.0, 4644.0)	(11.0, 5436.0)	(12.0, 6882.0)	(13.0, 8564.0)	(14.0, 10919.0)	(15.0, 14664.0)	(16.0, 19859.0)	(17.0, 26275.0)	(18.0, 36622.0)	(19.0, 54880.0)	(20.0, 171864.0)	(21.0, 64470.0)	(22.0, 74645.0)	(23.0, 88030.0)	(24.0, 102754.0)	(25.0, 121646.0)	(26.0, 142418.0)	(27.0, 166250.0)	(28.0, 193134.0)	(29.0, 224884.0)	(30.0, 266910.0)	(31.0, 324306.0)	(32.0, 408234.0)	(33.0, 537990.0)	(34.0, 758042.0)	(35.0, 1206636.0)	(36.0, 2575571.0)	(37.0, 12673519.0)
20150415.B-CAMA_reseq_26_R1	(2.0, 49.0)	(3.0, 60.0)	(4.0, 61.0)	(5.0, 97.0)	(6.0, 132.0)	(7.0, 293.0)	(8.0, 670.0)	(9.0, 956.0)	(10.0, 1253.0)	(11.0, 1498.0)	(12.0, 1953.0)	(13.0, 2408.0)	(14.0, 3041.0)	(15.0, 4039.0)	(16.0, 5569.0)	(17.0, 7568.0)	(18.0, 11558.0)	(19.0, 16978.0)	(20.0, 27295.0)	(21.0, 62246.0)	(22.0, 384861.0)	(23.0, 39894.0)	(24.0, 46985.0)	(25.0, 56418.0)	(26.0, 66648.0)	(27.0, 80662.0)	(28.0, 102744.0)	(29.0, 131066.0)	(30.0, 167155.0)	(31.0, 211759.0)	(32.0, 276619.0)	(33.0, 376726.0)	(34.0, 543924.0)	(35.0, 884312.0)	(36.0, 1994514.0)	(37.0, 15198835.0)
20150415.B-CAMA_reseq_26_R2	(2.0, 26589.0)	(3.0, 5673.0)	(4.0, 3480.0)	(5.0, 3225.0)	(6.0, 3395.0)	(7.0, 3558.0)	(8.0, 4096.0)	(9.0, 4851.0)	(10.0, 5453.0)	(11.0, 6377.0)	(12.0, 8301.0)	(13.0, 10805.0)	(14.0, 14718.0)	(15.0, 19987.0)	(16.0, 27581.0)	(17.0, 38477.0)	(18.0, 56717.0)	(19.0, 96410.0)	(20.0, 382444.0)	(21.0, 83560.0)	(22.0, 86273.0)	(23.0, 96726.0)	(24.0, 110608.0)	(25.0, 127585.0)	(26.0, 146778.0)	(27.0, 169581.0)	(28.0, 193927.0)	(29.0, 222449.0)	(30.0, 261745.0)	(31.0, 315048.0)	(32.0, 395796.0)	(33.0, 521942.0)	(34.0, 732494.0)	(35.0, 1166378.0)	(36.0, 2499583.0)	(37.0, 12858236.0)
20150415.B-CAMA_reseq_2_R1	(2.0, 32.0)	(3.0, 52.0)	(4.0, 72.0)	(5.0, 77.0)	(6.0, 133.0)	(7.0, 239.0)	(8.0, 628.0)	(9.0, 952.0)	(10.0, 1187.0)	(11.0, 1300.0)	(12.0, 1729.0)	(13.0, 2069.0)	(14.0, 2718.0)	(15.0, 3422.0)	(16.0, 4890.0)	(17.0, 6666.0)	(18.0, 9582.0)	(19.0, 13648.0)	(20.0, 21965.0)	(21.0, 49674.0)	(22.0, 371240.0)	(23.0, 38564.0)	(24.0, 38263.0)	(25.0, 44608.0)	(26.0, 51146.0)	(27.0, 60626.0)	(28.0, 76699.0)	(29.0, 97117.0)	(30.0, 122208.0)	(31.0, 153675.0)	(32.0, 197655.0)	(33.0, 267140.0)	(34.0, 383530.0)	(35.0, 616020.0)	(36.0, 1319628.0)	(37.0, 13736851.0)
20150415.B-CAMA_reseq_2_R2	(2.0, 23437.0)	(3.0, 3754.0)	(4.0, 2621.0)	(5.0, 2258.0)	(6.0, 2180.0)	(7.0, 2476.0)	(8.0, 2930.0)	(9.0, 3398.0)	(10.0, 3958.0)	(11.0, 4672.0)	(12.0, 5884.0)	(13.0, 7616.0)	(14.0, 9998.0)	(15.0, 13453.0)	(16.0, 17719.0)	(17.0, 24343.0)	(18.0, 35820.0)	(19.0, 62383.0)	(20.0, 369563.0)	(21.0, 66832.0)	(22.0, 58840.0)	(23.0, 65055.0)	(24.0, 73861.0)	(25.0, 85833.0)	(26.0, 98884.0)	(27.0, 114231.0)	(28.0, 131501.0)	(29.0, 151916.0)	(30.0, 175409.0)	(31.0, 212186.0)	(32.0, 266218.0)	(33.0, 348731.0)	(34.0, 490018.0)	(35.0, 774589.0)	(36.0, 1639194.0)	(37.0, 12344244.0)
20150415.B-CAMA_reseq_3_R1	(2.0, 62.0)	(3.0, 65.0)	(4.0, 62.0)	(5.0, 70.0)	(6.0, 129.0)	(7.0, 276.0)	(8.0, 747.0)	(9.0, 1055.0)	(10.0, 1314.0)	(11.0, 1567.0)	(12.0, 1961.0)	(13.0, 2426.0)	(14.0, 3130.0)	(15.0, 4091.0)	(16.0, 5798.0)	(17.0, 8087.0)	(18.0, 11218.0)	(19.0, 16171.0)	(20.0, 25867.0)	(21.0, 59533.0)	(22.0, 479500.0)	(23.0, 48314.0)	(24.0, 48759.0)	(25.0, 59346.0)	(26.0, 66907.0)	(27.0, 76660.0)	(28.0, 94217.0)	(29.0, 117532.0)	(30.0, 147213.0)	(31.0, 183920.0)	(32.0, 238127.0)	(33.0, 320820.0)	(34.0, 461880.0)	(35.0, 743984.0)	(36.0, 1591847.0)	(37.0, 14612532.0)
20150415.B-CAMA_reseq_3_R2	(2.0, 24060.0)	(3.0, 3810.0)	(4.0, 2819.0)	(5.0, 2637.0)	(6.0, 2511.0)	(7.0, 2795.0)	(8.0, 3387.0)	(9.0, 3892.0)	(10.0, 4549.0)	(11.0, 5245.0)	(12.0, 6626.0)	(13.0, 8440.0)	(14.0, 11210.0)	(15.0, 14855.0)	(16.0, 20150.0)	(17.0, 27885.0)	(18.0, 41674.0)	(19.0, 74317.0)	(20.0, 488717.0)	(21.0, 81381.0)	(22.0, 68825.0)	(23.0, 74104.0)	(24.0, 81925.0)	(25.0, 94037.0)	(26.0, 109156.0)	(27.0, 126735.0)	(28.0, 146852.0)	(29.0, 169813.0)	(30.0, 197686.0)	(31.0, 237478.0)	(32.0, 299546.0)	(33.0, 395510.0)	(34.0, 555218.0)	(35.0, 879801.0)	(36.0, 1854383.0)	(37.0, 13313158.0)
20150415.B-CAMA_reseq_4_R1	(2.0, 55.0)	(3.0, 54.0)	(4.0, 61.0)	(5.0, 73.0)	(6.0, 120.0)	(7.0, 268.0)	(8.0, 607.0)	(9.0, 876.0)	(10.0, 1207.0)	(11.0, 1413.0)	(12.0, 1749.0)	(13.0, 2077.0)	(14.0, 2804.0)	(15.0, 3831.0)	(16.0, 5524.0)	(17.0, 7631.0)	(18.0, 11514.0)	(19.0, 17487.0)	(20.0, 29804.0)	(21.0, 70220.0)	(22.0, 572667.0)	(23.0, 64782.0)	(24.0, 50196.0)	(25.0, 58543.0)	(26.0, 63106.0)	(27.0, 70517.0)	(28.0, 86285.0)	(29.0, 107583.0)	(30.0, 133595.0)	(31.0, 164976.0)	(32.0, 212071.0)	(33.0, 286529.0)	(34.0, 412768.0)	(35.0, 666378.0)	(36.0, 1442648.0)	(37.0, 13879705.0)
20150415.B-CAMA_reseq_4_R2	(2.0, 22559.0)	(3.0, 3198.0)	(4.0, 2168.0)	(5.0, 1884.0)	(6.0, 1929.0)	(7.0, 2185.0)	(8.0, 2757.0)	(9.0, 3355.0)	(10.0, 3848.0)	(11.0, 4406.0)	(12.0, 5658.0)	(13.0, 7745.0)	(14.0, 10672.0)	(15.0, 14304.0)	(16.0, 19973.0)	(17.0, 28362.0)	(18.0, 43940.0)	(19.0, 80279.0)	(20.0, 576214.0)	(21.0, 84757.0)	(22.0, 67812.0)	(23.0, 70601.0)	(24.0, 76965.0)	(25.0, 87520.0)	(26.0, 100352.0)	(27.0, 115783.0)	(28.0, 133414.0)	(29.0, 153002.0)	(30.0, 177796.0)	(31.0, 212825.0)	(32.0, 267165.0)	(33.0, 352495.0)	(34.0, 495273.0)	(35.0, 786804.0)	(36.0, 1668876.0)	(37.0, 12742848.0)
20150415.B-CAMA_reseq_5_R1	(2.0, 56.0)	(3.0, 74.0)	(4.0, 89.0)	(5.0, 105.0)	(6.0, 157.0)	(7.0, 339.0)	(8.0, 847.0)	(9.0, 1167.0)	(10.0, 1492.0)	(11.0, 1746.0)	(12.0, 2164.0)	(13.0, 2744.0)	(14.0, 3463.0)	(15.0, 4781.0)	(16.0, 6561.0)	(17.0, 9165.0)	(18.0, 13502.0)	(19.0, 20149.0)	(20.0, 34098.0)	(21.0, 82833.0)	(22.0, 669648.0)	(23.0, 57494.0)	(24.0, 60181.0)	(25.0, 71753.0)	(26.0, 78907.0)	(27.0, 88312.0)	(28.0, 107811.0)	(29.0, 134249.0)	(30.0, 166493.0)	(31.0, 206055.0)	(32.0, 263362.0)	(33.0, 354265.0)	(34.0, 508154.0)	(35.0, 816803.0)	(36.0, 1752126.0)	(37.0, 17151476.0)
20150415.B-CAMA_reseq_5_R2	(2.0, 28070.0)	(3.0, 4264.0)	(4.0, 3205.0)	(5.0, 2823.0)	(6.0, 2833.0)	(7.0, 3201.0)	(8.0, 3901.0)	(9.0, 4521.0)	(10.0, 5164.0)	(11.0, 5983.0)	(12.0, 7706.0)	(13.0, 10197.0)	(14.0, 13860.0)	(15.0, 18696.0)	(16.0, 25710.0)	(17.0, 36285.0)	(18.0, 55322.0)	(19.0, 100726.0)	(20.0, 665970.0)	(21.0, 104246.0)	(22.0, 86226.0)	(23.0, 92657.0)	(24.0, 101993.0)	(25.0, 116285.0)	(26.0, 134031.0)	(27.0, 154504.0)	(28.0, 176427.0)	(29.0, 202112.0)	(30.0, 233728.0)	(31.0, 279160.0)	(32.0, 347393.0)	(33.0, 454784.0)	(34.0, 635928.0)	(35.0, 1008026.0)	(36.0, 2120057.0)	(37.0, 15426627.0)
20150415.B-CAMA_reseq_6_R1	(2.0, 82.0)	(3.0, 55.0)	(4.0, 68.0)	(5.0, 83.0)	(6.0, 141.0)	(7.0, 322.0)	(8.0, 807.0)	(9.0, 1014.0)	(10.0, 1270.0)	(11.0, 1550.0)	(12.0, 1997.0)	(13.0, 2328.0)	(14.0, 3187.0)	(15.0, 4336.0)	(16.0, 6344.0)	(17.0, 9335.0)	(18.0, 14512.0)	(19.0, 22433.0)	(20.0, 37908.0)	(21.0, 89260.0)	(22.0, 696692.0)	(23.0, 85988.0)	(24.0, 58039.0)	(25.0, 63932.0)	(26.0, 68928.0)	(27.0, 77332.0)	(28.0, 95780.0)	(29.0, 119467.0)	(30.0, 148750.0)	(31.0, 184033.0)	(32.0, 236061.0)	(33.0, 321253.0)	(34.0, 461368.0)	(35.0, 746668.0)	(36.0, 1608678.0)	(37.0, 14643896.0)
20150415.B-CAMA_reseq_6_R2	(2.0, 25899.0)	(3.0, 4116.0)	(4.0, 2870.0)	(5.0, 2518.0)	(6.0, 2525.0)	(7.0, 2727.0)	(8.0, 3282.0)	(9.0, 3969.0)	(10.0, 4537.0)	(11.0, 5107.0)	(12.0, 6760.0)	(13.0, 9072.0)	(14.0, 12511.0)	(15.0, 17202.0)	(16.0, 24391.0)	(17.0, 34470.0)	(18.0, 54004.0)	(19.0, 100048.0)	(20.0, 701307.0)	(21.0, 101187.0)	(22.0, 80080.0)	(23.0, 83762.0)	(24.0, 89785.0)	(25.0, 101453.0)	(26.0, 116344.0)	(27.0, 133297.0)	(28.0, 152944.0)	(29.0, 174926.0)	(30.0, 202239.0)	(31.0, 240826.0)	(32.0, 301745.0)	(33.0, 394919.0)	(34.0, 555426.0)	(35.0, 881030.0)	(36.0, 1851515.0)	(37.0, 13335104.0)
20150415.B-CAMA_reseq_7_R1	(2.0, 76.0)	(3.0, 74.0)	(4.0, 94.0)	(5.0, 103.0)	(6.0, 179.0)	(7.0, 360.0)	(8.0, 964.0)	(9.0, 1330.0)	(10.0, 1680.0)	(11.0, 1905.0)	(12.0, 2504.0)	(13.0, 2892.0)	(14.0, 3952.0)	(15.0, 5318.0)	(16.0, 7759.0)	(17.0, 11205.0)	(18.0, 16904.0)	(19.0, 26061.0)	(20.0, 45105.0)	(21.0, 107539.0)	(22.0, 924705.0)	(23.0, 93135.0)	(24.0, 77025.0)	(25.0, 88122.0)	(26.0, 93937.0)	(27.0, 101990.0)	(28.0, 120767.0)	(29.0, 149817.0)	(30.0, 182327.0)	(31.0, 223477.0)	(32.0, 283688.0)	(33.0, 380059.0)	(34.0, 542807.0)	(35.0, 871324.0)	(36.0, 1864709.0)	(37.0, 17621987.0)
20150415.B-CAMA_reseq_7_R2	(2.0, 29879.0)	(3.0, 4664.0)	(4.0, 3315.0)	(5.0, 2892.0)	(6.0, 2835.0)	(7.0, 3247.0)	(8.0, 4054.0)	(9.0, 4824.0)	(10.0, 5516.0)	(11.0, 6450.0)	(12.0, 8182.0)	(13.0, 11088.0)	(14.0, 15427.0)	(15.0, 21461.0)	(16.0, 29836.0)	(17.0, 43729.0)	(18.0, 68490.0)	(19.0, 129523.0)	(20.0, 930010.0)	(21.0, 131636.0)	(22.0, 100875.0)	(23.0, 103851.0)	(24.0, 112046.0)	(25.0, 125494.0)	(26.0, 143224.0)	(27.0, 163550.0)	(28.0, 188221.0)	(29.0, 213398.0)	(30.0, 244654.0)	(31.0, 291473.0)	(32.0, 361946.0)	(33.0, 474249.0)	(34.0, 663645.0)	(35.0, 1049800.0)	(36.0, 2200052.0)	(37.0, 15962344.0)
20150415.B-CAMA_reseq_8_R1	(2.0, 89.0)	(3.0, 76.0)	(4.0, 88.0)	(5.0, 97.0)	(6.0, 159.0)	(7.0, 314.0)	(8.0, 860.0)	(9.0, 1191.0)	(10.0, 1466.0)	(11.0, 1736.0)	(12.0, 2157.0)	(13.0, 2733.0)	(14.0, 3549.0)	(15.0, 4807.0)	(16.0, 6582.0)	(17.0, 9271.0)	(18.0, 13516.0)	(19.0, 20031.0)	(20.0, 32606.0)	(21.0, 76219.0)	(22.0, 606747.0)	(23.0, 68510.0)	(24.0, 59690.0)	(25.0, 71040.0)	(26.0, 80439.0)	(27.0, 91679.0)	(28.0, 112516.0)	(29.0, 140829.0)	(30.0, 175553.0)	(31.0, 218425.0)	(32.0, 279356.0)	(33.0, 377676.0)	(34.0, 542534.0)	(35.0, 878327.0)	(36.0, 1892445.0)	(37.0, 17536970.0)
20150415.B-CAMA_reseq_8_R2	(2.0, 25543.0)	(3.0, 3755.0)	(4.0, 2800.0)	(5.0, 2588.0)	(6.0, 2672.0)	(7.0, 3005.0)	(8.0, 3811.0)	(9.0, 4256.0)	(10.0, 4997.0)	(11.0, 5849.0)	(12.0, 7346.0)	(13.0, 9702.0)	(14.0, 13481.0)	(15.0, 18024.0)	(16.0, 24937.0)	(17.0, 34656.0)	(18.0, 52971.0)	(19.0, 94899.0)	(20.0, 620972.0)	(21.0, 102416.0)	(22.0, 87496.0)	(23.0, 93436.0)	(24.0, 103634.0)	(25.0, 118595.0)	(26.0, 136423.0)	(27.0, 158222.0)	(28.0, 181202.0)	(29.0, 209481.0)	(30.0, 241741.0)	(31.0, 289204.0)	(32.0, 360135.0)	(33.0, 472680.0)	(34.0, 659660.0)	(35.0, 1044734.0)	(36.0, 2199835.0)	(37.0, 15915125.0)
20150415.B-CAMA_reseq_9_R1	(2.0, 61.0)	(3.0, 74.0)	(4.0, 56.0)	(5.0, 95.0)	(6.0, 163.0)	(7.0, 317.0)	(8.0, 772.0)	(9.0, 1109.0)	(10.0, 1363.0)	(11.0, 1575.0)	(12.0, 2025.0)	(13.0, 2506.0)	(14.0, 3179.0)	(15.0, 4229.0)	(16.0, 5761.0)	(17.0, 7630.0)	(18.0, 10766.0)	(19.0, 15352.0)	(20.0, 24773.0)	(21.0, 55044.0)	(22.0, 408143.0)	(23.0, 47453.0)	(24.0, 44593.0)	(25.0, 53186.0)	(26.0, 62003.0)	(27.0, 73958.0)	(28.0, 93714.0)	(29.0, 119225.0)	(30.0, 150430.0)	(31.0, 188642.0)	(32.0, 243269.0)	(33.0, 326968.0)	(34.0, 467882.0)	(35.0, 750913.0)	(36.0, 1597450.0)	(37.0, 14885737.0)
20150415.B-CAMA_reseq_9_R2	(2.0, 21657.0)	(3.0, 3212.0)	(4.0, 2488.0)	(5.0, 2296.0)	(6.0, 2336.0)	(7.0, 2576.0)	(8.0, 3278.0)	(9.0, 3864.0)	(10.0, 4563.0)	(11.0, 5349.0)	(12.0, 6663.0)	(13.0, 8569.0)	(14.0, 11665.0)	(15.0, 15417.0)	(16.0, 20747.0)	(17.0, 28385.0)	(18.0, 41810.0)	(19.0, 70931.0)	(20.0, 417094.0)	(21.0, 80798.0)	(22.0, 74246.0)	(23.0, 82974.0)	(24.0, 93969.0)	(25.0, 107963.0)	(26.0, 124705.0)	(27.0, 143517.0)	(28.0, 164341.0)	(29.0, 189333.0)	(30.0, 219789.0)	(31.0, 261417.0)	(32.0, 323874.0)	(33.0, 422248.0)	(34.0, 585648.0)	(35.0, 918716.0)	(36.0, 1910746.0)	(37.0, 13273232.0)
