Sample	fastp-pct_duplication	fastp-after_filtering_q30_rate	fastp-after_filtering_q30_bases	fastp-filtering_result_passed_filter_reads	fastp-after_filtering_gc_content	fastp-pct_surviving_reads	fastp-pct_surviving_bases	fastp-before_filtering_read1_mean_length	fastp-before_filtering_read2_mean_length	fastqc-percent_duplicates	fastqc-percent_gc	fastqc-avg_sequence_length	fastqc-median_sequence_length	fastqc-percent_fails	fastqc-total_sequences
20150415.B-CAMA_reseq_1	1.32704	94.05160000000001	4646.272324	39.207374	38.7087	100.0	100.0	126.0	126.0						
20150415.B-CAMA_reseq_10	1.4115499999999999	93.7393	4906.696443	41.542898	39.2433	100.0	100.0	126.0	126.0						
20150415.B-CAMA_reseq_10_R1										26.416096356408374	39.0	126.0	126	9.090909090909092	20.771449
20150415.B-CAMA_reseq_10_R2										26.03719513429685	39.0	126.0	126	18.181818181818183	20.771449
20150415.B-CAMA_reseq_11	1.3318	93.54860000000001	4547.536658999999	38.580529999999996	39.115	100.0	100.0	126.0	126.0						
20150415.B-CAMA_reseq_11_R1										24.27620886075161	39.0	126.0	126	9.090909090909092	19.290264999999998
20150415.B-CAMA_reseq_11_R2										23.980967579210272	39.0	126.0	126	18.181818181818183	19.290264999999998
20150415.B-CAMA_reseq_12	1.4264000000000001	93.60730000000001	4290.273848	36.37516	39.023799999999994	100.0	100.0	126.0	126.0						
20150415.B-CAMA_reseq_12_R1										25.643515290759268	38.0	126.0	126	9.090909090909092	18.18758
20150415.B-CAMA_reseq_12_R2										25.25223884943307	39.0	126.0	126	18.181818181818183	18.18758
20150415.B-CAMA_reseq_13	1.31423	95.2325	4575.193816999999	38.128856	39.0456	100.0	100.0	126.0	126.0						
20150415.B-CAMA_reseq_13_R1										16.937530295549152	39.0	126.0	126	0.0	19.064428
20150415.B-CAMA_reseq_13_R2										16.76443120191273	39.0	126.0	126	9.090909090909092	19.064428
20150415.B-CAMA_reseq_14	1.38493	95.0454	3758.4966419999996	31.384316	38.9237	100.0	100.0	126.0	126.0						
20150415.B-CAMA_reseq_14_R1										20.472229456810652	38.0	126.0	126	0.0	15.692158
20150415.B-CAMA_reseq_14_R2										20.23670642131418	38.0	126.0	126	9.090909090909092	15.692158
20150415.B-CAMA_reseq_15	1.50256	94.90769999999999	4336.309534	36.261711999999996	38.3287	100.0	100.0	126.0	126.0						
20150415.B-CAMA_reseq_15_R1										22.82856088676597	38.0	126.0	126	0.0	18.130855999999998
20150415.B-CAMA_reseq_15_R2										22.766859899776577	38.0	126.0	126	9.090909090909092	18.130855999999998
20150415.B-CAMA_reseq_16	1.4843	95.1729	3978.0298759999996	33.172968	39.872099999999996	100.0	100.0	126.0	126.0						
20150415.B-CAMA_reseq_16_R1										22.074100475291175	39.0	126.0	126	0.0	16.586484
20150415.B-CAMA_reseq_16_R2										21.86280577794301	39.0	126.0	126	9.090909090909092	16.586484
20150415.B-CAMA_reseq_17	1.29792	94.1599	4045.4276139999997	34.097918	38.8764	100.0	100.0	126.0	126.0						
20150415.B-CAMA_reseq_17_R1										21.955513330135375	38.0	126.0	126	0.0	17.048959
20150415.B-CAMA_reseq_17_R2										21.57920259229951	38.0	126.0	126	9.090909090909092	17.048959
20150415.B-CAMA_reseq_18	1.32856	93.73280000000001	4075.9191039999996	34.511476	39.1201	100.0	100.0	126.0	126.0						
20150415.B-CAMA_reseq_18_R1										23.23402337639098	39.0	126.0	126	0.0	17.255738
20150415.B-CAMA_reseq_18_R2										22.891315436264236	39.0	126.0	126	18.181818181818183	17.255738
20150415.B-CAMA_reseq_19	0.778323	94.1083	6194.8263799999995	52.243325999999996	39.232	100.0	100.0	126.0	126.0						
20150415.B-CAMA_reseq_19_R1										24.496662293161506	39.0	126.0	126	0.0	26.121662999999998
20150415.B-CAMA_reseq_19_R2										23.889891049804916	39.0	126.0	126	18.181818181818183	26.121662999999998
20150415.B-CAMA_reseq_1_R1										20.49813768702174	38.0	126.0	126	9.090909090909092	19.603687
20150415.B-CAMA_reseq_1_R2										20.323212108853156	38.0	126.0	126	18.181818181818183	19.603687
20150415.B-CAMA_reseq_2	1.26883	94.0712	4195.003076999999	35.39201	39.114	100.0	100.0	126.0	126.0						
20150415.B-CAMA_reseq_20	0.762918	94.6264	5493.169738	46.072331999999996	39.0191	100.0	100.0	126.0	126.0						
20150415.B-CAMA_reseq_20_R1										22.686984889883973	39.0	126.0	126	0.0	23.036165999999998
20150415.B-CAMA_reseq_20_R2										22.34229040823344	39.0	126.0	126	18.181818181818183	23.036165999999998
20150415.B-CAMA_reseq_21	0.6914359999999999	93.3546	6095.382783	51.819677999999996	39.177499999999995	100.0	100.0	126.0	126.0						
20150415.B-CAMA_reseq_21_R1										23.38548475587885	39.0	126.0	126	9.090909090909092	25.909838999999998
20150415.B-CAMA_reseq_21_R2										22.858668959482927	39.0	126.0	126	27.27272727272727	25.909838999999998
20150415.B-CAMA_reseq_22	0.733564	93.7073	5079.946610999999	43.024443999999995	38.974399999999996	100.0	100.0	126.0	126.0						
20150415.B-CAMA_reseq_22_R1										22.885935099541967	38.0	126.0	126	9.090909090909092	21.512221999999998
20150415.B-CAMA_reseq_22_R2										22.37140842233029	39.0	126.0	126	27.27272727272727	21.512221999999998
20150415.B-CAMA_reseq_23	0.7622140000000001	92.17880000000001	5090.397831	43.827825999999995	39.583	100.0	100.0	126.0	126.0						
20150415.B-CAMA_reseq_23_R1										28.351442665436792	39.0	126.0	126	9.090909090909092	21.913912999999997
20150415.B-CAMA_reseq_23_R2										27.990463748315435	39.0	126.0	126	18.181818181818183	21.913912999999997
20150415.B-CAMA_reseq_24	0.7441760000000001	91.3131	4654.493413	40.454674	40.0262	100.0	100.0	126.0	126.0						
20150415.B-CAMA_reseq_24_R1										30.07426186864977	39.0	126.0	126	9.090909090909092	20.227337
20150415.B-CAMA_reseq_24_R2										29.764742032904948	40.0	126.0	126	18.181818181818183	20.227337
20150415.B-CAMA_reseq_25	0.6705960000000001	92.88419999999999	4760.486906	40.676064	38.775	100.0	100.0	126.0	126.0						
20150415.B-CAMA_reseq_25_R1										23.059976535293217	38.0	126.0	126	0.0	20.338032
20150415.B-CAMA_reseq_25_R2										22.51983048747543	38.0	126.0	126	18.181818181818183	20.338032
20150415.B-CAMA_reseq_26	0.750047	93.0614	4856.998627	41.421692	40.0775	100.0	100.0	126.0	126.0						
20150415.B-CAMA_reseq_26_R1										23.95833432861967	40.0	126.0	126	9.090909090909092	20.710846
20150415.B-CAMA_reseq_26_R2										23.389887214729626	40.0	126.0	126	27.27272727272727	20.710846
20150415.B-CAMA_reseq_2_R1										20.554826086166287	39.0	126.0	126	9.090909090909092	17.696005
20150415.B-CAMA_reseq_2_R2										20.156157636543526	39.0	126.0	126	18.181818181818183	17.696005
20150415.B-CAMA_reseq_3	1.25774	93.6271	4585.545924	38.870374	38.5234	100.0	100.0	126.0	126.0						
20150415.B-CAMA_reseq_3_R1										21.721822691249542	38.0	126.0	126	9.090909090909092	19.435187
20150415.B-CAMA_reseq_3_R2										21.52555779923071	38.0	126.0	126	18.181818181818183	19.435187
20150415.B-CAMA_reseq_4	1.38332	93.45700000000001	4340.415918	36.859448	39.2639	100.0	100.0	126.0	126.0						
20150415.B-CAMA_reseq_4_R1										27.184722824542504	39.0	126.0	126	9.090909090909092	18.429724
20150415.B-CAMA_reseq_4_R2										26.802898498740248	39.0	126.0	126	18.181818181818183	18.429724
20150415.B-CAMA_reseq_5	1.35835	93.36670000000001	5334.504268	45.345242	38.9747	100.0	100.0	126.0	126.0						
20150415.B-CAMA_reseq_5_R1										25.498803410289852	38.0	126.0	126	9.090909090909092	22.672621
20150415.B-CAMA_reseq_5_R2										25.132698059675263	39.0	126.0	126	18.181818181818183	22.672621
20150415.B-CAMA_reseq_6	1.20664	92.9326	4640.220488999999	39.627794	39.0876	100.0	100.0	126.0	126.0						
20150415.B-CAMA_reseq_6_R1										24.116756585278367	39.0	126.0	126	9.090909090909092	19.813897
20150415.B-CAMA_reseq_6_R2										23.724736753448965	39.0	126.0	126	18.181818181818183	19.813897
20150415.B-CAMA_reseq_7	1.22081	92.7069	5573.242614	47.71176	38.8892	100.0	100.0	126.0	126.0						
20150415.B-CAMA_reseq_7_R1										24.731050505216217	38.0	126.0	126	9.090909090909092	23.85588
20150415.B-CAMA_reseq_7_R2										24.319327357241974	38.0	126.0	126	18.181818181818183	23.85588
20150415.B-CAMA_reseq_8	1.50646	93.5188	5493.471549	46.620566	39.0805	100.0	100.0	126.0	126.0						
20150415.B-CAMA_reseq_8_R1										27.36256640948106	39.0	126.0	126	9.090909090909092	23.310283
20150415.B-CAMA_reseq_8_R2										27.121387819836897	39.0	126.0	126	18.181818181818183	23.310283
20150415.B-CAMA_reseq_9	1.24936	93.6287	4636.403499	39.300832	38.7064	100.0	100.0	126.0	126.0						
20150415.B-CAMA_reseq_9_R1										21.119748260379083	38.0	126.0	126	9.090909090909092	19.650416
20150415.B-CAMA_reseq_9_R2										20.923254278973076	38.0	126.0	126	18.181818181818183	19.650416
