Sample	0	1	2	3	4	5	6	7	8	9	10	11	12	13	14	15	16	17	18	19	20	21	22	23	24	25	26	27	28	29	30	31	32	33	34	35	36	37	38
CZP-1_S3_R1_001	(2.0, 15.0)	(3.0, 0.0)	(4.0, 0.0)	(5.0, 0.0)	(6.0, 0.0)	(7.0, 0.0)	(8.0, 0.0)	(9.0, 0.0)	(10.0, 0.0)	(11.0, 0.0)	(12.0, 6.0)	(13.0, 1.0)	(14.0, 1.0)	(15.0, 11.0)	(16.0, 70.0)	(17.0, 301.0)	(18.0, 778.0)	(19.0, 1948.0)	(20.0, 4291.0)	(21.0, 8526.0)	(22.0, 15217.0)	(23.0, 24834.0)	(24.0, 38275.0)	(25.0, 56025.0)	(26.0, 78421.0)	(27.0, 106207.0)	(28.0, 138387.0)	(29.0, 174099.0)	(30.0, 215159.0)	(31.0, 260325.0)	(32.0, 313929.0)	(33.0, 376657.0)	(34.0, 459572.0)	(35.0, 574755.0)	(36.0, 754429.0)	(37.0, 1091610.0)	(38.0, 1906265.0)	(39.0, 4825691.0)	(40.0, 8132023.0)
CZP-1_S3_R2_001	(2.0, 27.0)	(3.0, 0.0)	(4.0, 0.0)	(5.0, 0.0)	(6.0, 0.0)	(7.0, 1.0)	(8.0, 0.0)	(9.0, 0.0)	(10.0, 0.0)	(11.0, 33.0)	(12.0, 381.0)	(13.0, 1471.0)	(14.0, 4669.0)	(15.0, 13465.0)	(16.0, 29434.0)	(17.0, 47122.0)	(18.0, 60812.0)	(19.0, 75550.0)	(20.0, 93103.0)	(21.0, 113584.0)	(22.0, 137232.0)	(23.0, 163035.0)	(24.0, 194047.0)	(25.0, 230047.0)	(26.0, 273926.0)	(27.0, 325169.0)	(28.0, 386955.0)	(29.0, 462905.0)	(30.0, 556723.0)	(31.0, 678027.0)	(32.0, 838361.0)	(33.0, 1041625.0)	(34.0, 1318642.0)	(35.0, 1686882.0)	(36.0, 2163292.0)	(37.0, 2707772.0)	(38.0, 3052553.0)	(39.0, 2366480.0)	(40.0, 534503.0)
CZP-2_S4_R1_001	(2.0, 34.0)	(3.0, 0.0)	(4.0, 0.0)	(5.0, 0.0)	(6.0, 0.0)	(7.0, 0.0)	(8.0, 0.0)	(9.0, 0.0)	(10.0, 0.0)	(11.0, 0.0)	(12.0, 22.0)	(13.0, 1.0)	(14.0, 7.0)	(15.0, 24.0)	(16.0, 132.0)	(17.0, 547.0)	(18.0, 1333.0)	(19.0, 3934.0)	(20.0, 9517.0)	(21.0, 18968.0)	(22.0, 34519.0)	(23.0, 57747.0)	(24.0, 91181.0)	(25.0, 134606.0)	(26.0, 190216.0)	(27.0, 257728.0)	(28.0, 335225.0)	(29.0, 423843.0)	(30.0, 522759.0)	(31.0, 633667.0)	(32.0, 763038.0)	(33.0, 920095.0)	(34.0, 1120486.0)	(35.0, 1398977.0)	(36.0, 1835012.0)	(37.0, 2651193.0)	(38.0, 4654532.0)	(39.0, 12080947.0)	(40.0, 20932449.0)
CZP-2_S4_R2_001	(2.0, 49.0)	(3.0, 0.0)	(4.0, 0.0)	(5.0, 0.0)	(6.0, 0.0)	(7.0, 4.0)	(8.0, 0.0)	(9.0, 0.0)	(10.0, 3.0)	(11.0, 77.0)	(12.0, 799.0)	(13.0, 3027.0)	(14.0, 9670.0)	(15.0, 27028.0)	(16.0, 59869.0)	(17.0, 97651.0)	(18.0, 129467.0)	(19.0, 162703.0)	(20.0, 201700.0)	(21.0, 247714.0)	(22.0, 301739.0)	(23.0, 362634.0)	(24.0, 434989.0)	(25.0, 519284.0)	(26.0, 620713.0)	(27.0, 737829.0)	(28.0, 881102.0)	(29.0, 1057899.0)	(30.0, 1280170.0)	(31.0, 1564810.0)	(32.0, 1939210.0)	(33.0, 2448915.0)	(34.0, 3155405.0)	(35.0, 4131613.0)	(36.0, 5440304.0)	(37.0, 7003934.0)	(38.0, 8094196.0)	(39.0, 6471794.0)	(40.0, 1686438.0)
ELP-1_S49_R1_001	(2.0, 42.0)	(3.0, 0.0)	(4.0, 0.0)	(5.0, 0.0)	(6.0, 0.0)	(7.0, 0.0)	(8.0, 0.0)	(9.0, 0.0)	(10.0, 0.0)	(11.0, 0.0)	(12.0, 19.0)	(13.0, 7.0)	(14.0, 12.0)	(15.0, 58.0)	(16.0, 251.0)	(17.0, 742.0)	(18.0, 1629.0)	(19.0, 3819.0)	(20.0, 8556.0)	(21.0, 17261.0)	(22.0, 30617.0)	(23.0, 50037.0)	(24.0, 78589.0)	(25.0, 113989.0)	(26.0, 159264.0)	(27.0, 213977.0)	(28.0, 277881.0)	(29.0, 350258.0)	(30.0, 432694.0)	(31.0, 526715.0)	(32.0, 636786.0)	(33.0, 769062.0)	(34.0, 933077.0)	(35.0, 1158121.0)	(36.0, 1502802.0)	(37.0, 2125533.0)	(38.0, 3616361.0)	(39.0, 9125436.0)	(40.0, 15814875.0)
ELP-1_S49_R2_001	(2.0, 30.0)	(3.0, 0.0)	(4.0, 0.0)	(5.0, 0.0)	(6.0, 0.0)	(7.0, 5.0)	(8.0, 0.0)	(9.0, 0.0)	(10.0, 4.0)	(11.0, 127.0)	(12.0, 1607.0)	(13.0, 5575.0)	(14.0, 15129.0)	(15.0, 38730.0)	(16.0, 82747.0)	(17.0, 128273.0)	(18.0, 159542.0)	(19.0, 186104.0)	(20.0, 220491.0)	(21.0, 260772.0)	(22.0, 305968.0)	(23.0, 359107.0)	(24.0, 420966.0)	(25.0, 491161.0)	(26.0, 575472.0)	(27.0, 672506.0)	(28.0, 789088.0)	(29.0, 929724.0)	(30.0, 1104256.0)	(31.0, 1323354.0)	(32.0, 1603873.0)	(33.0, 1979067.0)	(34.0, 2483372.0)	(35.0, 3168912.0)	(36.0, 4074883.0)	(37.0, 5122766.0)	(38.0, 5782922.0)	(39.0, 4537665.0)	(40.0, 1124272.0)
FRUpstream-1_S1_R1_001	(2.0, 4.0)	(3.0, 0.0)	(4.0, 0.0)	(5.0, 0.0)	(6.0, 0.0)	(7.0, 0.0)	(8.0, 0.0)	(9.0, 0.0)	(10.0, 0.0)	(11.0, 0.0)	(12.0, 1.0)	(13.0, 0.0)	(14.0, 0.0)	(15.0, 1.0)	(16.0, 13.0)	(17.0, 37.0)	(18.0, 106.0)	(19.0, 444.0)	(20.0, 1154.0)	(21.0, 2547.0)	(22.0, 4504.0)	(23.0, 7531.0)	(24.0, 11938.0)	(25.0, 17097.0)	(26.0, 24081.0)	(27.0, 32497.0)	(28.0, 41824.0)	(29.0, 52563.0)	(30.0, 64074.0)	(31.0, 78003.0)	(32.0, 94105.0)	(33.0, 112418.0)	(34.0, 135986.0)	(35.0, 168214.0)	(36.0, 217084.0)	(37.0, 305684.0)	(38.0, 516427.0)	(39.0, 1309363.0)	(40.0, 2348292.0)
FRUpstream-1_S1_R2_001	(2.0, 9.0)	(3.0, 0.0)	(4.0, 0.0)	(5.0, 0.0)	(6.0, 0.0)	(7.0, 0.0)	(8.0, 0.0)	(9.0, 0.0)	(10.0, 0.0)	(11.0, 14.0)	(12.0, 195.0)	(13.0, 632.0)	(14.0, 1593.0)	(15.0, 3701.0)	(16.0, 7519.0)	(17.0, 11736.0)	(18.0, 15766.0)	(19.0, 19948.0)	(20.0, 24513.0)	(21.0, 30278.0)	(22.0, 36899.0)	(23.0, 44269.0)	(24.0, 53148.0)	(25.0, 62826.0)	(26.0, 74507.0)	(27.0, 88428.0)	(28.0, 104439.0)	(29.0, 124547.0)	(30.0, 149332.0)	(31.0, 180930.0)	(32.0, 222475.0)	(33.0, 279818.0)	(34.0, 359957.0)	(35.0, 471757.0)	(36.0, 628580.0)	(37.0, 816248.0)	(38.0, 929426.0)	(39.0, 684604.0)	(40.0, 117898.0)
FRUpstream-2_S2_R1_001	(2.0, 3.0)	(3.0, 0.0)	(4.0, 0.0)	(5.0, 0.0)	(6.0, 0.0)	(7.0, 0.0)	(8.0, 0.0)	(9.0, 0.0)	(10.0, 0.0)	(11.0, 0.0)	(12.0, 1.0)	(13.0, 0.0)	(14.0, 0.0)	(15.0, 2.0)	(16.0, 11.0)	(17.0, 41.0)	(18.0, 112.0)	(19.0, 383.0)	(20.0, 1057.0)	(21.0, 2180.0)	(22.0, 4005.0)	(23.0, 6795.0)	(24.0, 10329.0)	(25.0, 15392.0)	(26.0, 21245.0)	(27.0, 28346.0)	(28.0, 36832.0)	(29.0, 46179.0)	(30.0, 56111.0)	(31.0, 68601.0)	(32.0, 82167.0)	(33.0, 98181.0)	(34.0, 119310.0)	(35.0, 147555.0)	(36.0, 189885.0)	(37.0, 267758.0)	(38.0, 454473.0)	(39.0, 1151969.0)	(40.0, 1976602.0)
FRUpstream-2_S2_R2_001	(2.0, 7.0)	(3.0, 0.0)	(4.0, 0.0)	(5.0, 0.0)	(6.0, 0.0)	(7.0, 0.0)	(8.0, 0.0)	(9.0, 0.0)	(10.0, 0.0)	(11.0, 13.0)	(12.0, 115.0)	(13.0, 370.0)	(14.0, 967.0)	(15.0, 2434.0)	(16.0, 5611.0)	(17.0, 9481.0)	(18.0, 13109.0)	(19.0, 16939.0)	(20.0, 21075.0)	(21.0, 26342.0)	(22.0, 32581.0)	(23.0, 38982.0)	(24.0, 46870.0)	(25.0, 55323.0)	(26.0, 65794.0)	(27.0, 77995.0)	(28.0, 92448.0)	(29.0, 109235.0)	(30.0, 130984.0)	(31.0, 157804.0)	(32.0, 195532.0)	(33.0, 243918.0)	(34.0, 313660.0)	(35.0, 413178.0)	(36.0, 546713.0)	(37.0, 702898.0)	(38.0, 789242.0)	(39.0, 574439.0)	(40.0, 101466.0)
FZP-1_S50_R1_001	(2.0, 11.0)	(3.0, 0.0)	(4.0, 0.0)	(5.0, 0.0)	(6.0, 0.0)	(7.0, 0.0)	(8.0, 0.0)	(9.0, 0.0)	(10.0, 0.0)	(11.0, 0.0)	(12.0, 6.0)	(13.0, 1.0)	(14.0, 5.0)	(15.0, 34.0)	(16.0, 171.0)	(17.0, 462.0)	(18.0, 990.0)	(19.0, 2209.0)	(20.0, 4599.0)	(21.0, 9196.0)	(22.0, 15750.0)	(23.0, 25643.0)	(24.0, 39355.0)	(25.0, 56330.0)	(26.0, 78495.0)	(27.0, 103233.0)	(28.0, 132642.0)	(29.0, 166996.0)	(30.0, 204552.0)	(31.0, 247161.0)	(32.0, 297742.0)	(33.0, 358052.0)	(34.0, 433593.0)	(35.0, 538066.0)	(36.0, 695814.0)	(37.0, 980944.0)	(38.0, 1651145.0)	(39.0, 4047414.0)	(40.0, 6833891.0)
FZP-1_S50_R2_001	(2.0, 17.0)	(3.0, 0.0)	(4.0, 0.0)	(5.0, 0.0)	(6.0, 0.0)	(7.0, 2.0)	(8.0, 0.0)	(9.0, 0.0)	(10.0, 1.0)	(11.0, 119.0)	(12.0, 1341.0)	(13.0, 4562.0)	(14.0, 10691.0)	(15.0, 24748.0)	(16.0, 48148.0)	(17.0, 72188.0)	(18.0, 87740.0)	(19.0, 100559.0)	(20.0, 117019.0)	(21.0, 136010.0)	(22.0, 158716.0)	(23.0, 185395.0)	(24.0, 213745.0)	(25.0, 247673.0)	(26.0, 287195.0)	(27.0, 333466.0)	(28.0, 388765.0)	(29.0, 452742.0)	(30.0, 531274.0)	(31.0, 629768.0)	(32.0, 754799.0)	(33.0, 915726.0)	(34.0, 1122441.0)	(35.0, 1401626.0)	(36.0, 1755188.0)	(37.0, 2161707.0)	(38.0, 2415477.0)	(39.0, 1903103.0)	(40.0, 462551.0)
FZP-2_S51_R1_001	(2.0, 16.0)	(3.0, 0.0)	(4.0, 0.0)	(5.0, 0.0)	(6.0, 0.0)	(7.0, 0.0)	(8.0, 0.0)	(9.0, 0.0)	(10.0, 0.0)	(11.0, 0.0)	(12.0, 7.0)	(13.0, 1.0)	(14.0, 1.0)	(15.0, 9.0)	(16.0, 38.0)	(17.0, 135.0)	(18.0, 360.0)	(19.0, 1105.0)	(20.0, 2538.0)	(21.0, 5097.0)	(22.0, 9351.0)	(23.0, 15219.0)	(24.0, 24181.0)	(25.0, 35673.0)	(26.0, 50794.0)	(27.0, 68904.0)	(28.0, 89789.0)	(29.0, 114051.0)	(30.0, 141843.0)	(31.0, 172150.0)	(32.0, 209081.0)	(33.0, 252621.0)	(34.0, 306618.0)	(35.0, 383517.0)	(36.0, 503894.0)	(37.0, 723086.0)	(38.0, 1259796.0)	(39.0, 3255016.0)	(40.0, 5801222.0)
FZP-2_S51_R2_001	(2.0, 18.0)	(3.0, 0.0)	(4.0, 0.0)	(5.0, 0.0)	(6.0, 0.0)	(7.0, 0.0)	(8.0, 0.0)	(9.0, 0.0)	(10.0, 0.0)	(11.0, 35.0)	(12.0, 396.0)	(13.0, 1429.0)	(14.0, 4005.0)	(15.0, 10535.0)	(16.0, 21998.0)	(17.0, 34011.0)	(18.0, 43486.0)	(19.0, 52784.0)	(20.0, 64313.0)	(21.0, 76124.0)	(22.0, 92105.0)	(23.0, 108495.0)	(24.0, 128545.0)	(25.0, 151123.0)	(26.0, 178523.0)	(27.0, 211258.0)	(28.0, 250147.0)	(29.0, 298670.0)	(30.0, 357995.0)	(31.0, 435083.0)	(32.0, 533168.0)	(33.0, 668269.0)	(34.0, 851110.0)	(35.0, 1104149.0)	(36.0, 1443341.0)	(37.0, 1848732.0)	(38.0, 2133002.0)	(39.0, 1757544.0)	(40.0, 565720.0)
FZP-3_S52_R1_001	(2.0, 11.0)	(3.0, 0.0)	(4.0, 0.0)	(5.0, 0.0)	(6.0, 0.0)	(7.0, 0.0)	(8.0, 0.0)	(9.0, 0.0)	(10.0, 0.0)	(11.0, 0.0)	(12.0, 4.0)	(13.0, 0.0)	(14.0, 1.0)	(15.0, 21.0)	(16.0, 84.0)	(17.0, 237.0)	(18.0, 628.0)	(19.0, 1437.0)	(20.0, 2863.0)	(21.0, 5627.0)	(22.0, 9726.0)	(23.0, 15669.0)	(24.0, 23662.0)	(25.0, 34644.0)	(26.0, 48571.0)	(27.0, 65008.0)	(28.0, 85009.0)	(29.0, 107933.0)	(30.0, 131873.0)	(31.0, 160567.0)	(32.0, 193499.0)	(33.0, 233256.0)	(34.0, 284913.0)	(35.0, 354580.0)	(36.0, 466629.0)	(37.0, 674847.0)	(38.0, 1180952.0)	(39.0, 3049919.0)	(40.0, 5312708.0)
FZP-3_S52_R2_001	(2.0, 6.0)	(3.0, 0.0)	(4.0, 0.0)	(5.0, 0.0)	(6.0, 0.0)	(7.0, 1.0)	(8.0, 0.0)	(9.0, 0.0)	(10.0, 0.0)	(11.0, 15.0)	(12.0, 231.0)	(13.0, 846.0)	(14.0, 2582.0)	(15.0, 7274.0)	(16.0, 15848.0)	(17.0, 25031.0)	(18.0, 33506.0)	(19.0, 41768.0)	(20.0, 51606.0)	(21.0, 63120.0)	(22.0, 75916.0)	(23.0, 91300.0)	(24.0, 108988.0)	(25.0, 130436.0)	(26.0, 155768.0)	(27.0, 184733.0)	(28.0, 220364.0)	(29.0, 265448.0)	(30.0, 321338.0)	(31.0, 392358.0)	(32.0, 486907.0)	(33.0, 613608.0)	(34.0, 784702.0)	(35.0, 1021100.0)	(36.0, 1339536.0)	(37.0, 1718280.0)	(38.0, 2008072.0)	(39.0, 1700759.0)	(40.0, 583431.0)
HFP-1_S53_R1_001	(2.0, 13.0)	(3.0, 0.0)	(4.0, 0.0)	(5.0, 0.0)	(6.0, 0.0)	(7.0, 0.0)	(8.0, 0.0)	(9.0, 0.0)	(10.0, 0.0)	(11.0, 0.0)	(12.0, 5.0)	(13.0, 2.0)	(14.0, 1.0)	(15.0, 3.0)	(16.0, 33.0)	(17.0, 152.0)	(18.0, 378.0)	(19.0, 950.0)	(20.0, 2309.0)	(21.0, 4524.0)	(22.0, 8036.0)	(23.0, 13312.0)	(24.0, 20772.0)	(25.0, 30922.0)	(26.0, 43930.0)	(27.0, 59420.0)	(28.0, 77768.0)	(29.0, 98518.0)	(30.0, 122131.0)	(31.0, 148887.0)	(32.0, 179743.0)	(33.0, 216533.0)	(34.0, 266017.0)	(35.0, 333295.0)	(36.0, 439342.0)	(37.0, 637081.0)	(38.0, 1114707.0)	(39.0, 2835412.0)	(40.0, 5051620.0)
HFP-1_S53_R2_001	(2.0, 10.0)	(3.0, 0.0)	(4.0, 0.0)	(5.0, 0.0)	(6.0, 0.0)	(7.0, 0.0)	(8.0, 0.0)	(9.0, 0.0)	(10.0, 0.0)	(11.0, 27.0)	(12.0, 192.0)	(13.0, 685.0)	(14.0, 2321.0)	(15.0, 6679.0)	(16.0, 14578.0)	(17.0, 23391.0)	(18.0, 31170.0)	(19.0, 39125.0)	(20.0, 48709.0)	(21.0, 59628.0)	(22.0, 72069.0)	(23.0, 87062.0)	(24.0, 103484.0)	(25.0, 124715.0)	(26.0, 149434.0)	(27.0, 178728.0)	(28.0, 214156.0)	(29.0, 257597.0)	(30.0, 312843.0)	(31.0, 383555.0)	(32.0, 474656.0)	(33.0, 593632.0)	(34.0, 753597.0)	(35.0, 967134.0)	(36.0, 1246081.0)	(37.0, 1588214.0)	(38.0, 1861162.0)	(39.0, 1594214.0)	(40.0, 516968.0)
KTP-10_S22_R1_001	(2.0, 33.0)	(3.0, 0.0)	(4.0, 0.0)	(5.0, 0.0)	(6.0, 0.0)	(7.0, 0.0)	(8.0, 0.0)	(9.0, 0.0)	(10.0, 0.0)	(11.0, 0.0)	(12.0, 13.0)	(13.0, 0.0)	(14.0, 6.0)	(15.0, 42.0)	(16.0, 191.0)	(17.0, 627.0)	(18.0, 1602.0)	(19.0, 3877.0)	(20.0, 8905.0)	(21.0, 17481.0)	(22.0, 30885.0)	(23.0, 50465.0)	(24.0, 76418.0)	(25.0, 110931.0)	(26.0, 154149.0)	(27.0, 204070.0)	(28.0, 261826.0)	(29.0, 327285.0)	(30.0, 402451.0)	(31.0, 487462.0)	(32.0, 586530.0)	(33.0, 706649.0)	(34.0, 855378.0)	(35.0, 1065887.0)	(36.0, 1382920.0)	(37.0, 1958920.0)	(38.0, 3310042.0)	(39.0, 7958925.0)	(40.0, 12805163.0)
KTP-10_S22_R2_001	(2.0, 26.0)	(3.0, 0.0)	(4.0, 0.0)	(5.0, 0.0)	(6.0, 0.0)	(7.0, 3.0)	(8.0, 1.0)	(9.0, 1.0)	(10.0, 1.0)	(11.0, 112.0)	(12.0, 1513.0)	(13.0, 5882.0)	(14.0, 16513.0)	(15.0, 42367.0)	(16.0, 88608.0)	(17.0, 135113.0)	(18.0, 166105.0)	(19.0, 193774.0)	(20.0, 227111.0)	(21.0, 267824.0)	(22.0, 313514.0)	(23.0, 365075.0)	(24.0, 425330.0)	(25.0, 497132.0)	(26.0, 577562.0)	(27.0, 672001.0)	(28.0, 785467.0)	(29.0, 920914.0)	(30.0, 1085523.0)	(31.0, 1289132.0)	(32.0, 1541090.0)	(33.0, 1863362.0)	(34.0, 2275930.0)	(35.0, 2803188.0)	(36.0, 3455090.0)	(37.0, 4167574.0)	(38.0, 4514539.0)	(39.0, 3352854.0)	(40.0, 718902.0)
KTP-11_S23_R1_001	(2.0, 13.0)	(3.0, 0.0)	(4.0, 0.0)	(5.0, 0.0)	(6.0, 0.0)	(7.0, 0.0)	(8.0, 0.0)	(9.0, 0.0)	(10.0, 0.0)	(11.0, 0.0)	(12.0, 6.0)	(13.0, 0.0)	(14.0, 3.0)	(15.0, 14.0)	(16.0, 68.0)	(17.0, 261.0)	(18.0, 678.0)	(19.0, 1464.0)	(20.0, 3170.0)	(21.0, 6059.0)	(22.0, 10386.0)	(23.0, 17057.0)	(24.0, 26234.0)	(25.0, 38273.0)	(26.0, 53115.0)	(27.0, 71999.0)	(28.0, 93194.0)	(29.0, 117761.0)	(30.0, 144877.0)	(31.0, 174528.0)	(32.0, 211768.0)	(33.0, 255504.0)	(34.0, 312942.0)	(35.0, 396176.0)	(36.0, 524188.0)	(37.0, 769507.0)	(38.0, 1349769.0)	(39.0, 3244465.0)	(40.0, 4870169.0)
KTP-11_S23_R2_001	(2.0, 6.0)	(3.0, 0.0)	(4.0, 0.0)	(5.0, 0.0)	(6.0, 0.0)	(7.0, 1.0)	(8.0, 0.0)	(9.0, 0.0)	(10.0, 2.0)	(11.0, 30.0)	(12.0, 277.0)	(13.0, 1100.0)	(14.0, 3584.0)	(15.0, 9920.0)	(16.0, 21528.0)	(17.0, 34101.0)	(18.0, 44900.0)	(19.0, 55924.0)	(20.0, 68382.0)	(21.0, 83234.0)	(22.0, 99855.0)	(23.0, 119173.0)	(24.0, 141361.0)	(25.0, 167091.0)	(26.0, 198907.0)	(27.0, 235917.0)	(28.0, 281108.0)	(29.0, 334420.0)	(30.0, 402453.0)	(31.0, 486288.0)	(32.0, 593108.0)	(33.0, 730342.0)	(34.0, 903148.0)	(35.0, 1121957.0)	(36.0, 1390813.0)	(37.0, 1674322.0)	(38.0, 1810257.0)	(39.0, 1357215.0)	(40.0, 322924.0)
KTP-12_S24_R1_001	(2.0, 18.0)	(3.0, 0.0)	(4.0, 0.0)	(5.0, 0.0)	(6.0, 0.0)	(7.0, 0.0)	(8.0, 0.0)	(9.0, 0.0)	(10.0, 0.0)	(11.0, 0.0)	(12.0, 7.0)	(13.0, 0.0)	(14.0, 2.0)	(15.0, 12.0)	(16.0, 43.0)	(17.0, 210.0)	(18.0, 500.0)	(19.0, 1496.0)	(20.0, 3494.0)	(21.0, 6998.0)	(22.0, 12467.0)	(23.0, 20329.0)	(24.0, 32072.0)	(25.0, 47236.0)	(26.0, 67066.0)	(27.0, 90097.0)	(28.0, 117756.0)	(29.0, 148824.0)	(30.0, 184439.0)	(31.0, 223914.0)	(32.0, 270879.0)	(33.0, 326355.0)	(34.0, 396648.0)	(35.0, 495630.0)	(36.0, 651507.0)	(37.0, 942052.0)	(38.0, 1645191.0)	(39.0, 4238736.0)	(40.0, 7344590.0)
KTP-12_S24_R2_001	(2.0, 12.0)	(3.0, 0.0)	(4.0, 0.0)	(5.0, 0.0)	(6.0, 0.0)	(7.0, 0.0)	(8.0, 0.0)	(9.0, 0.0)	(10.0, 0.0)	(11.0, 26.0)	(12.0, 333.0)	(13.0, 1380.0)	(14.0, 4236.0)	(15.0, 11678.0)	(16.0, 26056.0)	(17.0, 41273.0)	(18.0, 53397.0)	(19.0, 65741.0)	(20.0, 79805.0)	(21.0, 97897.0)	(22.0, 117370.0)	(23.0, 139833.0)	(24.0, 166121.0)	(25.0, 196541.0)	(26.0, 233293.0)	(27.0, 276125.0)	(28.0, 328141.0)	(29.0, 394177.0)	(30.0, 474352.0)	(31.0, 576455.0)	(32.0, 711692.0)	(33.0, 893331.0)	(34.0, 1141352.0)	(35.0, 1478854.0)	(36.0, 1919959.0)	(37.0, 2431609.0)	(38.0, 2731438.0)	(39.0, 2117516.0)	(40.0, 558575.0)
KTP-13_S25_R1_001	(2.0, 11.0)	(3.0, 0.0)	(4.0, 0.0)	(5.0, 0.0)	(6.0, 0.0)	(7.0, 0.0)	(8.0, 0.0)	(9.0, 0.0)	(10.0, 0.0)	(11.0, 0.0)	(12.0, 4.0)	(13.0, 0.0)	(14.0, 3.0)	(15.0, 10.0)	(16.0, 59.0)	(17.0, 230.0)	(18.0, 552.0)	(19.0, 1430.0)	(20.0, 3152.0)	(21.0, 6296.0)	(22.0, 11331.0)	(23.0, 19102.0)	(24.0, 30236.0)	(25.0, 44540.0)	(26.0, 62217.0)	(27.0, 83649.0)	(28.0, 109416.0)	(29.0, 137464.0)	(30.0, 170790.0)	(31.0, 207144.0)	(32.0, 250310.0)	(33.0, 302530.0)	(34.0, 369204.0)	(35.0, 463678.0)	(36.0, 611345.0)	(37.0, 883192.0)	(38.0, 1521201.0)	(39.0, 3652608.0)	(40.0, 5893649.0)
KTP-13_S25_R2_001	(2.0, 12.0)	(3.0, 0.0)	(4.0, 0.0)	(5.0, 0.0)	(6.0, 0.0)	(7.0, 0.0)	(8.0, 0.0)	(9.0, 0.0)	(10.0, 3.0)	(11.0, 19.0)	(12.0, 322.0)	(13.0, 1410.0)	(14.0, 4428.0)	(15.0, 11939.0)	(16.0, 26022.0)	(17.0, 41140.0)	(18.0, 53240.0)	(19.0, 65511.0)	(20.0, 78572.0)	(21.0, 95252.0)	(22.0, 113792.0)	(23.0, 135464.0)	(24.0, 161003.0)	(25.0, 190303.0)	(26.0, 226234.0)	(27.0, 267642.0)	(28.0, 317973.0)	(29.0, 380405.0)	(30.0, 455109.0)	(31.0, 550834.0)	(32.0, 671791.0)	(33.0, 825320.0)	(34.0, 1021113.0)	(35.0, 1274035.0)	(36.0, 1590575.0)	(37.0, 1953913.0)	(38.0, 2188648.0)	(39.0, 1725462.0)	(40.0, 407867.0)
KTP-14_S26_R1_001	(2.0, 17.0)	(3.0, 0.0)	(4.0, 0.0)	(5.0, 0.0)	(6.0, 0.0)	(7.0, 1.0)	(8.0, 0.0)	(9.0, 0.0)	(10.0, 0.0)	(11.0, 0.0)	(12.0, 8.0)	(13.0, 0.0)	(14.0, 4.0)	(15.0, 24.0)	(16.0, 126.0)	(17.0, 420.0)	(18.0, 817.0)	(19.0, 2049.0)	(20.0, 4512.0)	(21.0, 8685.0)	(22.0, 15437.0)	(23.0, 24901.0)	(24.0, 38792.0)	(25.0, 56497.0)	(26.0, 79402.0)	(27.0, 106186.0)	(28.0, 137484.0)	(29.0, 172092.0)	(30.0, 211867.0)	(31.0, 257251.0)	(32.0, 310011.0)	(33.0, 374207.0)	(34.0, 456269.0)	(35.0, 570037.0)	(36.0, 748735.0)	(37.0, 1085209.0)	(38.0, 1887395.0)	(39.0, 4629879.0)	(40.0, 6948260.0)
KTP-14_S26_R2_001	(2.0, 13.0)	(3.0, 0.0)	(4.0, 0.0)	(5.0, 0.0)	(6.0, 0.0)	(7.0, 0.0)	(8.0, 0.0)	(9.0, 0.0)	(10.0, 2.0)	(11.0, 64.0)	(12.0, 680.0)	(13.0, 2527.0)	(14.0, 7330.0)	(15.0, 19913.0)	(16.0, 42017.0)	(17.0, 63877.0)	(18.0, 81259.0)	(19.0, 97922.0)	(20.0, 116425.0)	(21.0, 137947.0)	(22.0, 163030.0)	(23.0, 190930.0)	(24.0, 223722.0)	(25.0, 260069.0)	(26.0, 303765.0)	(27.0, 355920.0)	(28.0, 417162.0)	(29.0, 491893.0)	(30.0, 583545.0)	(31.0, 698125.0)	(32.0, 842399.0)	(33.0, 1032962.0)	(34.0, 1280889.0)	(35.0, 1603345.0)	(36.0, 2001380.0)	(37.0, 2411767.0)	(38.0, 2541126.0)	(39.0, 1776952.0)	(40.0, 377617.0)
KTP-15_S27_R1_001	(2.0, 11.0)	(3.0, 0.0)	(4.0, 0.0)	(5.0, 0.0)	(6.0, 0.0)	(7.0, 0.0)	(8.0, 0.0)	(9.0, 0.0)	(10.0, 0.0)	(11.0, 0.0)	(12.0, 4.0)	(13.0, 1.0)	(14.0, 6.0)	(15.0, 20.0)	(16.0, 69.0)	(17.0, 247.0)	(18.0, 634.0)	(19.0, 1713.0)	(20.0, 4082.0)	(21.0, 8327.0)	(22.0, 14935.0)	(23.0, 24568.0)	(24.0, 37925.0)	(25.0, 55149.0)	(26.0, 76697.0)	(27.0, 102875.0)	(28.0, 132373.0)	(29.0, 166641.0)	(30.0, 205455.0)	(31.0, 249291.0)	(32.0, 299920.0)	(33.0, 361668.0)	(34.0, 439760.0)	(35.0, 547539.0)	(36.0, 711512.0)	(37.0, 1005206.0)	(38.0, 1698769.0)	(39.0, 4121352.0)	(40.0, 6753403.0)
KTP-15_S27_R2_001	(2.0, 18.0)	(3.0, 0.0)	(4.0, 0.0)	(5.0, 0.0)	(6.0, 0.0)	(7.0, 2.0)	(8.0, 0.0)	(9.0, 0.0)	(10.0, 2.0)	(11.0, 48.0)	(12.0, 712.0)	(13.0, 2808.0)	(14.0, 8275.0)	(15.0, 21904.0)	(16.0, 46475.0)	(17.0, 70986.0)	(18.0, 87844.0)	(19.0, 103416.0)	(20.0, 119788.0)	(21.0, 141391.0)	(22.0, 165249.0)	(23.0, 192370.0)	(24.0, 223838.0)	(25.0, 259420.0)	(26.0, 300632.0)	(27.0, 349307.0)	(28.0, 407493.0)	(29.0, 474386.0)	(30.0, 557393.0)	(31.0, 660408.0)	(32.0, 788280.0)	(33.0, 954488.0)	(34.0, 1166024.0)	(35.0, 1444965.0)	(36.0, 1796876.0)	(37.0, 2176529.0)	(38.0, 2368745.0)	(39.0, 1758979.0)	(40.0, 371101.0)
KTP-16_S28_R1_001	(2.0, 15.0)	(3.0, 0.0)	(4.0, 0.0)	(5.0, 0.0)	(6.0, 0.0)	(7.0, 0.0)	(8.0, 0.0)	(9.0, 0.0)	(10.0, 0.0)	(11.0, 0.0)	(12.0, 6.0)	(13.0, 0.0)	(14.0, 6.0)	(15.0, 27.0)	(16.0, 133.0)	(17.0, 375.0)	(18.0, 759.0)	(19.0, 1696.0)	(20.0, 3715.0)	(21.0, 7018.0)	(22.0, 12310.0)	(23.0, 20152.0)	(24.0, 30746.0)	(25.0, 44859.0)	(26.0, 62215.0)	(27.0, 83310.0)	(28.0, 106745.0)	(29.0, 133691.0)	(30.0, 165425.0)	(31.0, 200860.0)	(32.0, 241374.0)	(33.0, 291554.0)	(34.0, 353763.0)	(35.0, 441355.0)	(36.0, 575812.0)	(37.0, 821209.0)	(38.0, 1391679.0)	(39.0, 3314189.0)	(40.0, 5342612.0)
KTP-16_S28_R2_001	(2.0, 8.0)	(3.0, 0.0)	(4.0, 0.0)	(5.0, 0.0)	(6.0, 0.0)	(7.0, 0.0)	(8.0, 0.0)	(9.0, 0.0)	(10.0, 2.0)	(11.0, 60.0)	(12.0, 590.0)	(13.0, 2227.0)	(14.0, 6374.0)	(15.0, 17019.0)	(16.0, 36020.0)	(17.0, 54419.0)	(18.0, 67685.0)	(19.0, 79577.0)	(20.0, 93991.0)	(21.0, 110105.0)	(22.0, 130299.0)	(23.0, 152603.0)	(24.0, 177840.0)	(25.0, 208511.0)	(26.0, 242139.0)	(27.0, 282706.0)	(28.0, 332231.0)	(29.0, 391169.0)	(30.0, 464459.0)	(31.0, 552534.0)	(32.0, 661815.0)	(33.0, 801780.0)	(34.0, 975208.0)	(35.0, 1193307.0)	(36.0, 1456069.0)	(37.0, 1728566.0)	(38.0, 1836841.0)	(39.0, 1317314.0)	(40.0, 274142.0)
KTP-17_S29_R1_001	(2.0, 14.0)	(3.0, 0.0)	(4.0, 0.0)	(5.0, 0.0)	(6.0, 0.0)	(7.0, 0.0)	(8.0, 0.0)	(9.0, 0.0)	(10.0, 0.0)	(11.0, 0.0)	(12.0, 7.0)	(13.0, 0.0)	(14.0, 3.0)	(15.0, 27.0)	(16.0, 172.0)	(17.0, 548.0)	(18.0, 1258.0)	(19.0, 2516.0)	(20.0, 5157.0)	(21.0, 9429.0)	(22.0, 15951.0)	(23.0, 25183.0)	(24.0, 38363.0)	(25.0, 54845.0)	(26.0, 75527.0)	(27.0, 101185.0)	(28.0, 129067.0)	(29.0, 160696.0)	(30.0, 198455.0)	(31.0, 239333.0)	(32.0, 288454.0)	(33.0, 345596.0)	(34.0, 419259.0)	(35.0, 520068.0)	(36.0, 678342.0)	(37.0, 967082.0)	(38.0, 1649181.0)	(39.0, 4025476.0)	(40.0, 6427102.0)
KTP-17_S29_R2_001	(2.0, 9.0)	(3.0, 0.0)	(4.0, 0.0)	(5.0, 0.0)	(6.0, 0.0)	(7.0, 2.0)	(8.0, 1.0)	(9.0, 1.0)	(10.0, 3.0)	(11.0, 57.0)	(12.0, 563.0)	(13.0, 2286.0)	(14.0, 7116.0)	(15.0, 19373.0)	(16.0, 41625.0)	(17.0, 63732.0)	(18.0, 79163.0)	(19.0, 92466.0)	(20.0, 108413.0)	(21.0, 127717.0)	(22.0, 149695.0)	(23.0, 174377.0)	(24.0, 204605.0)	(25.0, 237277.0)	(26.0, 276105.0)	(27.0, 321077.0)	(28.0, 374584.0)	(29.0, 441391.0)	(30.0, 519708.0)	(31.0, 617624.0)	(32.0, 741490.0)	(33.0, 903654.0)	(34.0, 1111155.0)	(35.0, 1389148.0)	(36.0, 1738408.0)	(37.0, 2130054.0)	(38.0, 2341389.0)	(39.0, 1770000.0)	(40.0, 394028.0)
KTP-18_S30_R1_001	(2.0, 20.0)	(3.0, 0.0)	(4.0, 0.0)	(5.0, 0.0)	(6.0, 0.0)	(7.0, 0.0)	(8.0, 0.0)	(9.0, 0.0)	(10.0, 0.0)	(11.0, 0.0)	(12.0, 6.0)	(13.0, 1.0)	(14.0, 1.0)	(15.0, 11.0)	(16.0, 72.0)	(17.0, 268.0)	(18.0, 639.0)	(19.0, 1648.0)	(20.0, 3980.0)	(21.0, 7966.0)	(22.0, 14544.0)	(23.0, 23617.0)	(24.0, 36574.0)	(25.0, 53021.0)	(26.0, 73871.0)	(27.0, 98445.0)	(28.0, 127891.0)	(29.0, 159971.0)	(30.0, 196144.0)	(31.0, 237914.0)	(32.0, 286294.0)	(33.0, 344099.0)	(34.0, 415726.0)	(35.0, 514995.0)	(36.0, 667763.0)	(37.0, 942554.0)	(38.0, 1590387.0)	(39.0, 3960479.0)	(40.0, 6769814.0)
KTP-18_S30_R2_001	(2.0, 13.0)	(3.0, 0.0)	(4.0, 0.0)	(5.0, 0.0)	(6.0, 0.0)	(7.0, 1.0)	(8.0, 2.0)	(9.0, 0.0)	(10.0, 1.0)	(11.0, 46.0)	(12.0, 478.0)	(13.0, 1897.0)	(14.0, 5652.0)	(15.0, 15969.0)	(16.0, 34962.0)	(17.0, 54304.0)	(18.0, 69556.0)	(19.0, 83881.0)	(20.0, 101615.0)	(21.0, 120902.0)	(22.0, 143016.0)	(23.0, 167885.0)	(24.0, 196573.0)	(25.0, 229138.0)	(26.0, 266405.0)	(27.0, 310831.0)	(28.0, 361976.0)	(29.0, 425156.0)	(30.0, 501697.0)	(31.0, 596677.0)	(32.0, 718314.0)	(33.0, 874799.0)	(34.0, 1087274.0)	(35.0, 1367733.0)	(36.0, 1733080.0)	(37.0, 2156700.0)	(38.0, 2438822.0)	(39.0, 1968108.0)	(40.0, 495252.0)
KTP-19_S31_R1_001	(2.0, 15.0)	(3.0, 0.0)	(4.0, 0.0)	(5.0, 0.0)	(6.0, 0.0)	(7.0, 1.0)	(8.0, 0.0)	(9.0, 0.0)	(10.0, 0.0)	(11.0, 0.0)	(12.0, 4.0)	(13.0, 1.0)	(14.0, 4.0)	(15.0, 39.0)	(16.0, 180.0)	(17.0, 554.0)	(18.0, 1242.0)	(19.0, 3074.0)	(20.0, 6890.0)	(21.0, 13579.0)	(22.0, 24563.0)	(23.0, 39622.0)	(24.0, 60978.0)	(25.0, 88719.0)	(26.0, 121713.0)	(27.0, 163444.0)	(28.0, 211159.0)	(29.0, 264415.0)	(30.0, 325251.0)	(31.0, 394616.0)	(32.0, 476067.0)	(33.0, 572498.0)	(34.0, 694886.0)	(35.0, 859437.0)	(36.0, 1112271.0)	(37.0, 1563231.0)	(38.0, 2621439.0)	(39.0, 6421774.0)	(40.0, 10722343.0)
KTP-19_S31_R2_001	(2.0, 22.0)	(3.0, 0.0)	(4.0, 0.0)	(5.0, 0.0)	(6.0, 0.0)	(7.0, 1.0)	(8.0, 0.0)	(9.0, 0.0)	(10.0, 3.0)	(11.0, 170.0)	(12.0, 2108.0)	(13.0, 7529.0)	(14.0, 17855.0)	(15.0, 41760.0)	(16.0, 83217.0)	(17.0, 123163.0)	(18.0, 147811.0)	(19.0, 168946.0)	(20.0, 193940.0)	(21.0, 226301.0)	(22.0, 261813.0)	(23.0, 304325.0)	(24.0, 350288.0)	(25.0, 404711.0)	(26.0, 468246.0)	(27.0, 542816.0)	(28.0, 629397.0)	(29.0, 733704.0)	(30.0, 861148.0)	(31.0, 1017882.0)	(32.0, 1215306.0)	(33.0, 1473744.0)	(34.0, 1806854.0)	(35.0, 2245660.0)	(36.0, 2808523.0)	(37.0, 3428270.0)	(38.0, 3745528.0)	(39.0, 2818370.0)	(40.0, 634598.0)
KTP-1_S13_R1_001	(2.0, 10.0)	(3.0, 0.0)	(4.0, 0.0)	(5.0, 0.0)	(6.0, 0.0)	(7.0, 0.0)	(8.0, 0.0)	(9.0, 0.0)	(10.0, 0.0)	(11.0, 0.0)	(12.0, 5.0)	(13.0, 0.0)	(14.0, 0.0)	(15.0, 12.0)	(16.0, 82.0)	(17.0, 256.0)	(18.0, 692.0)	(19.0, 1480.0)	(20.0, 3133.0)	(21.0, 5903.0)	(22.0, 10389.0)	(23.0, 16629.0)	(24.0, 25530.0)	(25.0, 36975.0)	(26.0, 51645.0)	(27.0, 68906.0)	(28.0, 89061.0)	(29.0, 112358.0)	(30.0, 138515.0)	(31.0, 167944.0)	(32.0, 202131.0)	(33.0, 244107.0)	(34.0, 297239.0)	(35.0, 373615.0)	(36.0, 489599.0)	(37.0, 709247.0)	(38.0, 1232755.0)	(39.0, 3009428.0)	(40.0, 4709882.0)
KTP-1_S13_R2_001	(2.0, 13.0)	(3.0, 0.0)	(4.0, 0.0)	(5.0, 0.0)	(6.0, 0.0)	(7.0, 0.0)	(8.0, 1.0)	(9.0, 0.0)	(10.0, 0.0)	(11.0, 28.0)	(12.0, 275.0)	(13.0, 1058.0)	(14.0, 3367.0)	(15.0, 10028.0)	(16.0, 22629.0)	(17.0, 35823.0)	(18.0, 46407.0)	(19.0, 56650.0)	(20.0, 69225.0)	(21.0, 83421.0)	(22.0, 99580.0)	(23.0, 118008.0)	(24.0, 139087.0)	(25.0, 163791.0)	(26.0, 193029.0)	(27.0, 227046.0)	(28.0, 268405.0)	(29.0, 318401.0)	(30.0, 379893.0)	(31.0, 457110.0)	(32.0, 554374.0)	(33.0, 680245.0)	(34.0, 839930.0)	(35.0, 1046300.0)	(36.0, 1297320.0)	(37.0, 1572162.0)	(38.0, 1721438.0)	(39.0, 1306866.0)	(40.0, 285618.0)
KTP-2_S14_R1_001	(2.0, 34.0)	(3.0, 0.0)	(4.0, 0.0)	(5.0, 0.0)	(6.0, 0.0)	(7.0, 0.0)	(8.0, 0.0)	(9.0, 0.0)	(10.0, 0.0)	(11.0, 0.0)	(12.0, 18.0)	(13.0, 2.0)	(14.0, 3.0)	(15.0, 48.0)	(16.0, 202.0)	(17.0, 537.0)	(18.0, 1399.0)	(19.0, 3504.0)	(20.0, 7578.0)	(21.0, 15066.0)	(22.0, 26486.0)	(23.0, 42741.0)	(24.0, 66027.0)	(25.0, 95042.0)	(26.0, 131111.0)	(27.0, 175320.0)	(28.0, 226462.0)	(29.0, 283569.0)	(30.0, 348218.0)	(31.0, 422627.0)	(32.0, 508162.0)	(33.0, 613869.0)	(34.0, 743800.0)	(35.0, 918897.0)	(36.0, 1186623.0)	(37.0, 1667243.0)	(38.0, 2787479.0)	(39.0, 6827801.0)	(40.0, 11497609.0)
KTP-2_S14_R2_001	(2.0, 34.0)	(3.0, 0.0)	(4.0, 0.0)	(5.0, 0.0)	(6.0, 0.0)	(7.0, 0.0)	(8.0, 0.0)	(9.0, 0.0)	(10.0, 4.0)	(11.0, 139.0)	(12.0, 1620.0)	(13.0, 5723.0)	(14.0, 15356.0)	(15.0, 37871.0)	(16.0, 77763.0)	(17.0, 117708.0)	(18.0, 145330.0)	(19.0, 168935.0)	(20.0, 196134.0)	(21.0, 228971.0)	(22.0, 268048.0)	(23.0, 310081.0)	(24.0, 360443.0)	(25.0, 417793.0)	(26.0, 483420.0)	(27.0, 562353.0)	(28.0, 653901.0)	(29.0, 764211.0)	(30.0, 899105.0)	(31.0, 1066164.0)	(32.0, 1278854.0)	(33.0, 1548971.0)	(34.0, 1905547.0)	(35.0, 2377711.0)	(36.0, 2987997.0)	(37.0, 3688735.0)	(38.0, 4118171.0)	(39.0, 3199109.0)	(40.0, 711275.0)
KTP-3_S15_R1_001	(2.0, 20.0)	(3.0, 0.0)	(4.0, 0.0)	(5.0, 0.0)	(6.0, 0.0)	(7.0, 0.0)	(8.0, 0.0)	(9.0, 0.0)	(10.0, 0.0)	(11.0, 0.0)	(12.0, 4.0)	(13.0, 0.0)	(14.0, 6.0)	(15.0, 20.0)	(16.0, 104.0)	(17.0, 369.0)	(18.0, 900.0)	(19.0, 2119.0)	(20.0, 4635.0)	(21.0, 8720.0)	(22.0, 15346.0)	(23.0, 25011.0)	(24.0, 37403.0)	(25.0, 53978.0)	(26.0, 74410.0)	(27.0, 98601.0)	(28.0, 127652.0)	(29.0, 158819.0)	(30.0, 195338.0)	(31.0, 236552.0)	(32.0, 285601.0)	(33.0, 341615.0)	(34.0, 416929.0)	(35.0, 517303.0)	(36.0, 676511.0)	(37.0, 965255.0)	(38.0, 1645562.0)	(39.0, 3970767.0)	(40.0, 6294120.0)
KTP-3_S15_R2_001	(2.0, 13.0)	(3.0, 0.0)	(4.0, 0.0)	(5.0, 0.0)	(6.0, 0.0)	(7.0, 3.0)	(8.0, 0.0)	(9.0, 0.0)	(10.0, 0.0)	(11.0, 53.0)	(12.0, 607.0)	(13.0, 2330.0)	(14.0, 7249.0)	(15.0, 19664.0)	(16.0, 42129.0)	(17.0, 65110.0)	(18.0, 80817.0)	(19.0, 96373.0)	(20.0, 112861.0)	(21.0, 134669.0)	(22.0, 157702.0)	(23.0, 184827.0)	(24.0, 214916.0)	(25.0, 250433.0)	(26.0, 290229.0)	(27.0, 338134.0)	(28.0, 396698.0)	(29.0, 464153.0)	(30.0, 548049.0)	(31.0, 653892.0)	(32.0, 783116.0)	(33.0, 944089.0)	(34.0, 1151535.0)	(35.0, 1411226.0)	(36.0, 1720128.0)	(37.0, 2042743.0)	(38.0, 2156845.0)	(39.0, 1546883.0)	(40.0, 336194.0)
KTP-4_S16_R1_001	(2.0, 16.0)	(3.0, 0.0)	(4.0, 0.0)	(5.0, 0.0)	(6.0, 0.0)	(7.0, 0.0)	(8.0, 0.0)	(9.0, 0.0)	(10.0, 0.0)	(11.0, 0.0)	(12.0, 13.0)	(13.0, 1.0)	(14.0, 3.0)	(15.0, 35.0)	(16.0, 174.0)	(17.0, 483.0)	(18.0, 1111.0)	(19.0, 2430.0)	(20.0, 5288.0)	(21.0, 10047.0)	(22.0, 17956.0)	(23.0, 28282.0)	(24.0, 42689.0)	(25.0, 61528.0)	(26.0, 84261.0)	(27.0, 111838.0)	(28.0, 143705.0)	(29.0, 179818.0)	(30.0, 221046.0)	(31.0, 268164.0)	(32.0, 322752.0)	(33.0, 387720.0)	(34.0, 472665.0)	(35.0, 585740.0)	(36.0, 761202.0)	(37.0, 1077491.0)	(38.0, 1813482.0)	(39.0, 4317741.0)	(40.0, 6824034.0)
KTP-4_S16_R2_001	(2.0, 9.0)	(3.0, 0.0)	(4.0, 0.0)	(5.0, 0.0)	(6.0, 0.0)	(7.0, 0.0)	(8.0, 0.0)	(9.0, 0.0)	(10.0, 3.0)	(11.0, 80.0)	(12.0, 813.0)	(13.0, 3350.0)	(14.0, 9324.0)	(15.0, 23440.0)	(16.0, 49720.0)	(17.0, 75341.0)	(18.0, 92724.0)	(19.0, 107505.0)	(20.0, 125377.0)	(21.0, 146985.0)	(22.0, 171788.0)	(23.0, 200232.0)	(24.0, 232142.0)	(25.0, 270288.0)	(26.0, 312895.0)	(27.0, 364788.0)	(28.0, 423941.0)	(29.0, 496394.0)	(30.0, 584346.0)	(31.0, 688674.0)	(32.0, 823838.0)	(33.0, 994162.0)	(34.0, 1209976.0)	(35.0, 1484760.0)	(36.0, 1833526.0)	(37.0, 2219144.0)	(38.0, 2447254.0)	(39.0, 1903888.0)	(40.0, 445008.0)
KTP-5_S17_R1_001	(2.0, 24.0)	(3.0, 0.0)	(4.0, 0.0)	(5.0, 0.0)	(6.0, 0.0)	(7.0, 0.0)	(8.0, 0.0)	(9.0, 0.0)	(10.0, 0.0)	(11.0, 0.0)	(12.0, 20.0)	(13.0, 1.0)	(14.0, 8.0)	(15.0, 62.0)	(16.0, 257.0)	(17.0, 839.0)	(18.0, 1888.0)	(19.0, 4278.0)	(20.0, 8821.0)	(21.0, 16746.0)	(22.0, 29368.0)	(23.0, 46405.0)	(24.0, 70820.0)	(25.0, 103059.0)	(26.0, 142905.0)	(27.0, 190236.0)	(28.0, 244445.0)	(29.0, 308139.0)	(30.0, 379000.0)	(31.0, 458494.0)	(32.0, 552610.0)	(33.0, 666933.0)	(34.0, 810297.0)	(35.0, 1007401.0)	(36.0, 1313733.0)	(37.0, 1878182.0)	(38.0, 3213189.0)	(39.0, 7914541.0)	(40.0, 12843928.0)
KTP-5_S17_R2_001	(2.0, 33.0)	(3.0, 0.0)	(4.0, 0.0)	(5.0, 0.0)	(6.0, 0.0)	(7.0, 1.0)	(8.0, 2.0)	(9.0, 2.0)	(10.0, 0.0)	(11.0, 90.0)	(12.0, 1234.0)	(13.0, 4634.0)	(14.0, 13495.0)	(15.0, 34449.0)	(16.0, 73658.0)	(17.0, 111456.0)	(18.0, 141444.0)	(19.0, 168746.0)	(20.0, 201000.0)	(21.0, 237523.0)	(22.0, 279749.0)	(23.0, 328663.0)	(24.0, 381823.0)	(25.0, 443818.0)	(26.0, 517582.0)	(27.0, 603043.0)	(28.0, 705347.0)	(29.0, 830088.0)	(30.0, 982928.0)	(31.0, 1175701.0)	(32.0, 1418679.0)	(33.0, 1736395.0)	(34.0, 2157070.0)	(35.0, 2703251.0)	(36.0, 3397852.0)	(37.0, 4182080.0)	(38.0, 4697332.0)	(39.0, 3761766.0)	(40.0, 915695.0)
KTP-6_S18_R1_001	(2.0, 16.0)	(3.0, 0.0)	(4.0, 0.0)	(5.0, 0.0)	(6.0, 0.0)	(7.0, 2.0)	(8.0, 0.0)	(9.0, 0.0)	(10.0, 0.0)	(11.0, 0.0)	(12.0, 6.0)	(13.0, 1.0)	(14.0, 3.0)	(15.0, 14.0)	(16.0, 68.0)	(17.0, 243.0)	(18.0, 613.0)	(19.0, 1557.0)	(20.0, 3247.0)	(21.0, 6102.0)	(22.0, 10579.0)	(23.0, 16837.0)	(24.0, 25432.0)	(25.0, 37197.0)	(26.0, 51264.0)	(27.0, 68814.0)	(28.0, 88548.0)	(29.0, 111189.0)	(30.0, 136126.0)	(31.0, 165400.0)	(32.0, 199068.0)	(33.0, 239834.0)	(34.0, 291967.0)	(35.0, 364871.0)	(36.0, 478266.0)	(37.0, 691287.0)	(38.0, 1200586.0)	(39.0, 2978845.0)	(40.0, 4722436.0)
KTP-6_S18_R2_001	(2.0, 10.0)	(3.0, 0.0)	(4.0, 0.0)	(5.0, 0.0)	(6.0, 0.0)	(7.0, 0.0)	(8.0, 0.0)	(9.0, 0.0)	(10.0, 0.0)	(11.0, 31.0)	(12.0, 326.0)	(13.0, 1179.0)	(14.0, 3683.0)	(15.0, 9646.0)	(16.0, 20790.0)	(17.0, 32728.0)	(18.0, 42009.0)	(19.0, 50890.0)	(20.0, 61785.0)	(21.0, 74662.0)	(22.0, 88636.0)	(23.0, 104908.0)	(24.0, 123851.0)	(25.0, 145900.0)	(26.0, 173414.0)	(27.0, 202938.0)	(28.0, 240692.0)	(29.0, 285184.0)	(30.0, 339574.0)	(31.0, 407953.0)	(32.0, 497966.0)	(33.0, 617385.0)	(34.0, 776636.0)	(35.0, 992440.0)	(36.0, 1273726.0)	(37.0, 1598093.0)	(38.0, 1814148.0)	(39.0, 1464244.0)	(40.0, 444991.0)
KTP-7_S19_R1_001	(2.0, 7.0)	(3.0, 0.0)	(4.0, 0.0)	(5.0, 0.0)	(6.0, 0.0)	(7.0, 0.0)	(8.0, 0.0)	(9.0, 0.0)	(10.0, 0.0)	(11.0, 0.0)	(12.0, 5.0)	(13.0, 1.0)	(14.0, 2.0)	(15.0, 21.0)	(16.0, 84.0)	(17.0, 294.0)	(18.0, 714.0)	(19.0, 1617.0)	(20.0, 3306.0)	(21.0, 6210.0)	(22.0, 10578.0)	(23.0, 16746.0)	(24.0, 25798.0)	(25.0, 37337.0)	(26.0, 51923.0)	(27.0, 69175.0)	(28.0, 88894.0)	(29.0, 111522.0)	(30.0, 136516.0)	(31.0, 165227.0)	(32.0, 199892.0)	(33.0, 242321.0)	(34.0, 299547.0)	(35.0, 380903.0)	(36.0, 512042.0)	(37.0, 763998.0)	(38.0, 1327231.0)	(39.0, 2865446.0)	(40.0, 3665063.0)
KTP-7_S19_R2_001	(2.0, 9.0)	(3.0, 0.0)	(4.0, 0.0)	(5.0, 0.0)	(6.0, 0.0)	(7.0, 0.0)	(8.0, 1.0)	(9.0, 0.0)	(10.0, 1.0)	(11.0, 32.0)	(12.0, 246.0)	(13.0, 1088.0)	(14.0, 3326.0)	(15.0, 8847.0)	(16.0, 18253.0)	(17.0, 29029.0)	(18.0, 39278.0)	(19.0, 49995.0)	(20.0, 62810.0)	(21.0, 76888.0)	(22.0, 92654.0)	(23.0, 111955.0)	(24.0, 134172.0)	(25.0, 159450.0)	(26.0, 190272.0)	(27.0, 226696.0)	(28.0, 271018.0)	(29.0, 322103.0)	(30.0, 387423.0)	(31.0, 468475.0)	(32.0, 566736.0)	(33.0, 683274.0)	(34.0, 819215.0)	(35.0, 974136.0)	(36.0, 1142804.0)	(37.0, 1317744.0)	(38.0, 1414905.0)	(39.0, 1104594.0)	(40.0, 304991.0)
KTP-8_S20_R1_001	(2.0, 22.0)	(3.0, 0.0)	(4.0, 0.0)	(5.0, 0.0)	(6.0, 0.0)	(7.0, 0.0)	(8.0, 0.0)	(9.0, 0.0)	(10.0, 0.0)	(11.0, 0.0)	(12.0, 15.0)	(13.0, 0.0)	(14.0, 0.0)	(15.0, 18.0)	(16.0, 75.0)	(17.0, 286.0)	(18.0, 787.0)	(19.0, 2111.0)	(20.0, 4997.0)	(21.0, 9728.0)	(22.0, 17707.0)	(23.0, 28963.0)	(24.0, 44632.0)	(25.0, 65047.0)	(26.0, 90521.0)	(27.0, 121611.0)	(28.0, 157016.0)	(29.0, 196892.0)	(30.0, 242982.0)	(31.0, 294161.0)	(32.0, 354818.0)	(33.0, 429445.0)	(34.0, 522996.0)	(35.0, 650973.0)	(36.0, 850080.0)	(37.0, 1215760.0)	(38.0, 2077567.0)	(39.0, 5016262.0)	(40.0, 7895445.0)
KTP-8_S20_R2_001	(2.0, 20.0)	(3.0, 0.0)	(4.0, 0.0)	(5.0, 0.0)	(6.0, 0.0)	(7.0, 1.0)	(8.0, 0.0)	(9.0, 0.0)	(10.0, 1.0)	(11.0, 75.0)	(12.0, 783.0)	(13.0, 3271.0)	(14.0, 9140.0)	(15.0, 24852.0)	(16.0, 52461.0)	(17.0, 79947.0)	(18.0, 98747.0)	(19.0, 115903.0)	(20.0, 135790.0)	(21.0, 160199.0)	(22.0, 187349.0)	(23.0, 219583.0)	(24.0, 257608.0)	(25.0, 299750.0)	(26.0, 349806.0)	(27.0, 408199.0)	(28.0, 477956.0)	(29.0, 562994.0)	(30.0, 666193.0)	(31.0, 796819.0)	(32.0, 955685.0)	(33.0, 1160362.0)	(34.0, 1419648.0)	(35.0, 1745835.0)	(36.0, 2148179.0)	(37.0, 2570327.0)	(38.0, 2783629.0)	(39.0, 2108024.0)	(40.0, 491781.0)
KTP-9_S21_R1_001	(2.0, 14.0)	(3.0, 0.0)	(4.0, 0.0)	(5.0, 0.0)	(6.0, 0.0)	(7.0, 0.0)	(8.0, 0.0)	(9.0, 0.0)	(10.0, 0.0)	(11.0, 0.0)	(12.0, 5.0)	(13.0, 1.0)	(14.0, 5.0)	(15.0, 16.0)	(16.0, 93.0)	(17.0, 373.0)	(18.0, 820.0)	(19.0, 1913.0)	(20.0, 4164.0)	(21.0, 7763.0)	(22.0, 13422.0)	(23.0, 22048.0)	(24.0, 33148.0)	(25.0, 48857.0)	(26.0, 67575.0)	(27.0, 89895.0)	(28.0, 116552.0)	(29.0, 146916.0)	(30.0, 179840.0)	(31.0, 218834.0)	(32.0, 262176.0)	(33.0, 318234.0)	(34.0, 389213.0)	(35.0, 490637.0)	(36.0, 653147.0)	(37.0, 957265.0)	(38.0, 1667564.0)	(39.0, 3915079.0)	(40.0, 5892036.0)
KTP-9_S21_R2_001	(2.0, 13.0)	(3.0, 0.0)	(4.0, 0.0)	(5.0, 0.0)	(6.0, 0.0)	(7.0, 0.0)	(8.0, 0.0)	(9.0, 0.0)	(10.0, 0.0)	(11.0, 43.0)	(12.0, 338.0)	(13.0, 1237.0)	(14.0, 3949.0)	(15.0, 11420.0)	(16.0, 24531.0)	(17.0, 39306.0)	(18.0, 52684.0)	(19.0, 65537.0)	(20.0, 81313.0)	(21.0, 99712.0)	(22.0, 120261.0)	(23.0, 144488.0)	(24.0, 171975.0)	(25.0, 205206.0)	(26.0, 242987.0)	(27.0, 290349.0)	(28.0, 345021.0)	(29.0, 412700.0)	(30.0, 499725.0)	(31.0, 604780.0)	(32.0, 739601.0)	(33.0, 905514.0)	(34.0, 1110175.0)	(35.0, 1357395.0)	(36.0, 1653166.0)	(37.0, 1984401.0)	(38.0, 2196466.0)	(39.0, 1730238.0)	(40.0, 403074.0)
STP-1_S46_R1_001	(2.0, 6.0)	(3.0, 0.0)	(4.0, 0.0)	(5.0, 0.0)	(6.0, 0.0)	(7.0, 0.0)	(8.0, 0.0)	(9.0, 0.0)	(10.0, 0.0)	(11.0, 0.0)	(12.0, 2.0)	(13.0, 1.0)	(14.0, 10.0)	(15.0, 61.0)	(16.0, 265.0)	(17.0, 807.0)	(18.0, 1664.0)	(19.0, 2884.0)	(20.0, 5062.0)	(21.0, 8261.0)	(22.0, 13189.0)	(23.0, 19923.0)	(24.0, 29131.0)	(25.0, 40895.0)	(26.0, 55119.0)	(27.0, 72492.0)	(28.0, 92559.0)	(29.0, 115020.0)	(30.0, 139732.0)	(31.0, 169943.0)	(32.0, 202371.0)	(33.0, 242284.0)	(34.0, 293120.0)	(35.0, 361072.0)	(36.0, 464294.0)	(37.0, 651603.0)	(38.0, 1091521.0)	(39.0, 2676757.0)	(40.0, 4431936.0)
STP-1_S46_R2_001	(2.0, 12.0)	(3.0, 0.0)	(4.0, 0.0)	(5.0, 0.0)	(6.0, 0.0)	(7.0, 0.0)	(8.0, 0.0)	(9.0, 0.0)	(10.0, 0.0)	(11.0, 45.0)	(12.0, 551.0)	(13.0, 2200.0)	(14.0, 6209.0)	(15.0, 15908.0)	(16.0, 33416.0)	(17.0, 49840.0)	(18.0, 60443.0)	(19.0, 68940.0)	(20.0, 79810.0)	(21.0, 92543.0)	(22.0, 107543.0)	(23.0, 124668.0)	(24.0, 143926.0)	(25.0, 166347.0)	(26.0, 190744.0)	(27.0, 222840.0)	(28.0, 258688.0)	(29.0, 302803.0)	(30.0, 356625.0)	(31.0, 419943.0)	(32.0, 501126.0)	(33.0, 606383.0)	(34.0, 744448.0)	(35.0, 929361.0)	(36.0, 1163013.0)	(37.0, 1433017.0)	(38.0, 1589733.0)	(39.0, 1230307.0)	(40.0, 280552.0)
STP-2_S47_R1_001	(2.0, 14.0)	(3.0, 0.0)	(4.0, 0.0)	(5.0, 0.0)	(6.0, 0.0)	(7.0, 0.0)	(8.0, 0.0)	(9.0, 0.0)	(10.0, 0.0)	(11.0, 0.0)	(12.0, 3.0)	(13.0, 2.0)	(14.0, 3.0)	(15.0, 14.0)	(16.0, 44.0)	(17.0, 163.0)	(18.0, 425.0)	(19.0, 1172.0)	(20.0, 2801.0)	(21.0, 5670.0)	(22.0, 10446.0)	(23.0, 16903.0)	(24.0, 26534.0)	(25.0, 39702.0)	(26.0, 55980.0)	(27.0, 75509.0)	(28.0, 98016.0)	(29.0, 123881.0)	(30.0, 152963.0)	(31.0, 185516.0)	(32.0, 223873.0)	(33.0, 270187.0)	(34.0, 330599.0)	(35.0, 413444.0)	(36.0, 546732.0)	(37.0, 793793.0)	(38.0, 1389843.0)	(39.0, 3437832.0)	(40.0, 5555176.0)
STP-2_S47_R2_001	(2.0, 5.0)	(3.0, 0.0)	(4.0, 0.0)	(5.0, 0.0)	(6.0, 0.0)	(7.0, 1.0)	(8.0, 0.0)	(9.0, 0.0)	(10.0, 2.0)	(11.0, 21.0)	(12.0, 298.0)	(13.0, 1132.0)	(14.0, 3421.0)	(15.0, 9073.0)	(16.0, 19447.0)	(17.0, 31308.0)	(18.0, 41354.0)	(19.0, 51165.0)	(20.0, 63066.0)	(21.0, 76829.0)	(22.0, 92442.0)	(23.0, 110872.0)	(24.0, 132403.0)	(25.0, 157994.0)	(26.0, 186780.0)	(27.0, 221830.0)	(28.0, 265100.0)	(29.0, 316050.0)	(30.0, 379350.0)	(31.0, 460407.0)	(32.0, 565846.0)	(33.0, 703711.0)	(34.0, 888864.0)	(35.0, 1137779.0)	(36.0, 1463160.0)	(37.0, 1867179.0)	(38.0, 2162011.0)	(39.0, 1790430.0)	(40.0, 557910.0)
STP-3_S48_R1_001	(2.0, 14.0)	(3.0, 0.0)	(4.0, 0.0)	(5.0, 0.0)	(6.0, 0.0)	(7.0, 0.0)	(8.0, 0.0)	(9.0, 0.0)	(10.0, 0.0)	(11.0, 0.0)	(12.0, 7.0)	(13.0, 0.0)	(14.0, 0.0)	(15.0, 22.0)	(16.0, 81.0)	(17.0, 287.0)	(18.0, 695.0)	(19.0, 1686.0)	(20.0, 3416.0)	(21.0, 6527.0)	(22.0, 11336.0)	(23.0, 18366.0)	(24.0, 28100.0)	(25.0, 41435.0)	(26.0, 58023.0)	(27.0, 77256.0)	(28.0, 100109.0)	(29.0, 126906.0)	(30.0, 155780.0)	(31.0, 189058.0)	(32.0, 227594.0)	(33.0, 274295.0)	(34.0, 333259.0)	(35.0, 414354.0)	(36.0, 541932.0)	(37.0, 777764.0)	(38.0, 1347691.0)	(39.0, 3432925.0)	(40.0, 6007656.0)
STP-3_S48_R2_001	(2.0, 13.0)	(3.0, 0.0)	(4.0, 0.0)	(5.0, 0.0)	(6.0, 0.0)	(7.0, 1.0)	(8.0, 0.0)	(9.0, 0.0)	(10.0, 0.0)	(11.0, 19.0)	(12.0, 244.0)	(13.0, 935.0)	(14.0, 2935.0)	(15.0, 8720.0)	(16.0, 19738.0)	(17.0, 31967.0)	(18.0, 42723.0)	(19.0, 52999.0)	(20.0, 64620.0)	(21.0, 78710.0)	(22.0, 95107.0)	(23.0, 113622.0)	(24.0, 135601.0)	(25.0, 160492.0)	(26.0, 190432.0)	(27.0, 225227.0)	(28.0, 267200.0)	(29.0, 319704.0)	(30.0, 384556.0)	(31.0, 467364.0)	(32.0, 573305.0)	(33.0, 715535.0)	(34.0, 907546.0)	(35.0, 1169497.0)	(36.0, 1525639.0)	(37.0, 1959585.0)	(38.0, 2300031.0)	(39.0, 1898011.0)	(40.0, 464496.0)
WBP-1_S5_R1_001	(2.0, 8.0)	(3.0, 0.0)	(4.0, 0.0)	(5.0, 0.0)	(6.0, 0.0)	(7.0, 0.0)	(8.0, 0.0)	(9.0, 0.0)	(10.0, 0.0)	(11.0, 0.0)	(12.0, 9.0)	(13.0, 1.0)	(14.0, 1.0)	(15.0, 8.0)	(16.0, 28.0)	(17.0, 129.0)	(18.0, 368.0)	(19.0, 964.0)	(20.0, 2210.0)	(21.0, 4510.0)	(22.0, 8188.0)	(23.0, 13500.0)	(24.0, 20728.0)	(25.0, 30859.0)	(26.0, 43793.0)	(27.0, 59635.0)	(28.0, 77547.0)	(29.0, 97864.0)	(30.0, 120904.0)	(31.0, 147020.0)	(32.0, 178135.0)	(33.0, 214146.0)	(34.0, 261504.0)	(35.0, 328449.0)	(36.0, 431445.0)	(37.0, 628838.0)	(38.0, 1111265.0)	(39.0, 2824127.0)	(40.0, 4650078.0)
WBP-1_S5_R2_001	(2.0, 11.0)	(3.0, 0.0)	(4.0, 0.0)	(5.0, 0.0)	(6.0, 0.0)	(7.0, 0.0)	(8.0, 0.0)	(9.0, 0.0)	(10.0, 0.0)	(11.0, 18.0)	(12.0, 195.0)	(13.0, 849.0)	(14.0, 2534.0)	(15.0, 6957.0)	(16.0, 15348.0)	(17.0, 23980.0)	(18.0, 31753.0)	(19.0, 39350.0)	(20.0, 47976.0)	(21.0, 58502.0)	(22.0, 70498.0)	(23.0, 84558.0)	(24.0, 100442.0)	(25.0, 119892.0)	(26.0, 142513.0)	(27.0, 169575.0)	(28.0, 203253.0)	(29.0, 243278.0)	(30.0, 293117.0)	(31.0, 357956.0)	(32.0, 445819.0)	(33.0, 559529.0)	(34.0, 718701.0)	(35.0, 932206.0)	(36.0, 1216947.0)	(37.0, 1562801.0)	(38.0, 1810580.0)	(39.0, 1507716.0)	(40.0, 489407.0)
WBP-2_S6_R1_001	(2.0, 12.0)	(3.0, 0.0)	(4.0, 0.0)	(5.0, 0.0)	(6.0, 0.0)	(7.0, 0.0)	(8.0, 0.0)	(9.0, 0.0)	(10.0, 0.0)	(11.0, 0.0)	(12.0, 3.0)	(13.0, 2.0)	(14.0, 3.0)	(15.0, 9.0)	(16.0, 46.0)	(17.0, 133.0)	(18.0, 364.0)	(19.0, 1059.0)	(20.0, 2537.0)	(21.0, 5181.0)	(22.0, 9407.0)	(23.0, 15263.0)	(24.0, 23955.0)	(25.0, 35202.0)	(26.0, 49467.0)	(27.0, 66913.0)	(28.0, 86562.0)	(29.0, 108927.0)	(30.0, 135339.0)	(31.0, 163462.0)	(32.0, 196590.0)	(33.0, 236183.0)	(34.0, 287214.0)	(35.0, 356491.0)	(36.0, 464323.0)	(37.0, 664168.0)	(38.0, 1150754.0)	(39.0, 2981140.0)	(40.0, 5170610.0)
WBP-2_S6_R2_001	(2.0, 13.0)	(3.0, 0.0)	(4.0, 0.0)	(5.0, 0.0)	(6.0, 0.0)	(7.0, 0.0)	(8.0, 1.0)	(9.0, 0.0)	(10.0, 0.0)	(11.0, 19.0)	(12.0, 270.0)	(13.0, 940.0)	(14.0, 2908.0)	(15.0, 8267.0)	(16.0, 18599.0)	(17.0, 30169.0)	(18.0, 39113.0)	(19.0, 48254.0)	(20.0, 59027.0)	(21.0, 70963.0)	(22.0, 85419.0)	(23.0, 101259.0)	(24.0, 120293.0)	(25.0, 142680.0)	(26.0, 167696.0)	(27.0, 198290.0)	(28.0, 233488.0)	(29.0, 278128.0)	(30.0, 332757.0)	(31.0, 402942.0)	(32.0, 497095.0)	(33.0, 623606.0)	(34.0, 796132.0)	(35.0, 1037927.0)	(36.0, 1356541.0)	(37.0, 1733412.0)	(38.0, 1966594.0)	(39.0, 1509922.0)	(40.0, 348595.0)
WBP-3_S7_R1_001	(2.0, 11.0)	(3.0, 0.0)	(4.0, 0.0)	(5.0, 0.0)	(6.0, 0.0)	(7.0, 0.0)	(8.0, 0.0)	(9.0, 0.0)	(10.0, 0.0)	(11.0, 0.0)	(12.0, 6.0)	(13.0, 0.0)	(14.0, 1.0)	(15.0, 6.0)	(16.0, 28.0)	(17.0, 116.0)	(18.0, 299.0)	(19.0, 719.0)	(20.0, 1672.0)	(21.0, 3283.0)	(22.0, 5800.0)	(23.0, 9736.0)	(24.0, 15423.0)	(25.0, 22931.0)	(26.0, 32892.0)	(27.0, 45363.0)	(28.0, 60008.0)	(29.0, 75358.0)	(30.0, 94573.0)	(31.0, 115872.0)	(32.0, 139602.0)	(33.0, 169900.0)	(34.0, 206627.0)	(35.0, 257403.0)	(36.0, 339020.0)	(37.0, 490461.0)	(38.0, 862048.0)	(39.0, 2302978.0)	(40.0, 4224128.0)
WBP-3_S7_R2_001	(2.0, 6.0)	(3.0, 0.0)	(4.0, 0.0)	(5.0, 0.0)	(6.0, 0.0)	(7.0, 0.0)	(8.0, 0.0)	(9.0, 0.0)	(10.0, 1.0)	(11.0, 10.0)	(12.0, 160.0)	(13.0, 458.0)	(14.0, 1542.0)	(15.0, 4405.0)	(16.0, 10026.0)	(17.0, 16319.0)	(18.0, 21717.0)	(19.0, 27601.0)	(20.0, 34360.0)	(21.0, 42481.0)	(22.0, 51434.0)	(23.0, 62287.0)	(24.0, 74514.0)	(25.0, 89445.0)	(26.0, 107686.0)	(27.0, 128425.0)	(28.0, 153905.0)	(29.0, 184316.0)	(30.0, 223396.0)	(31.0, 274861.0)	(32.0, 342115.0)	(33.0, 437833.0)	(34.0, 568868.0)	(35.0, 758459.0)	(36.0, 1018726.0)	(37.0, 1345674.0)	(38.0, 1614722.0)	(39.0, 1414284.0)	(40.0, 466228.0)
WBP-4_S8_R1_001	(2.0, 26.0)	(3.0, 0.0)	(4.0, 0.0)	(5.0, 0.0)	(6.0, 0.0)	(7.0, 0.0)	(8.0, 0.0)	(9.0, 0.0)	(10.0, 0.0)	(11.0, 0.0)	(12.0, 15.0)	(13.0, 1.0)	(14.0, 2.0)	(15.0, 24.0)	(16.0, 126.0)	(17.0, 505.0)	(18.0, 1143.0)	(19.0, 2979.0)	(20.0, 7003.0)	(21.0, 13947.0)	(22.0, 24767.0)	(23.0, 40656.0)	(24.0, 62170.0)	(25.0, 90146.0)	(26.0, 125813.0)	(27.0, 168030.0)	(28.0, 217084.0)	(29.0, 273179.0)	(30.0, 337089.0)	(31.0, 408229.0)	(32.0, 492050.0)	(33.0, 593132.0)	(34.0, 715847.0)	(35.0, 884419.0)	(36.0, 1143427.0)	(37.0, 1611812.0)	(38.0, 2724265.0)	(39.0, 6854194.0)	(40.0, 11978551.0)
WBP-4_S8_R2_001	(2.0, 19.0)	(3.0, 0.0)	(4.0, 0.0)	(5.0, 0.0)	(6.0, 0.0)	(7.0, 0.0)	(8.0, 0.0)	(9.0, 1.0)	(10.0, 1.0)	(11.0, 194.0)	(12.0, 1729.0)	(13.0, 5750.0)	(14.0, 15100.0)	(15.0, 37815.0)	(16.0, 77853.0)	(17.0, 116331.0)	(18.0, 143839.0)	(19.0, 167896.0)	(20.0, 196672.0)	(21.0, 230631.0)	(22.0, 269507.0)	(23.0, 311131.0)	(24.0, 360971.0)	(25.0, 419049.0)	(26.0, 484404.0)	(27.0, 565019.0)	(28.0, 658263.0)	(29.0, 771800.0)	(30.0, 909509.0)	(31.0, 1079382.0)	(32.0, 1297780.0)	(33.0, 1582436.0)	(34.0, 1961964.0)	(35.0, 2456855.0)	(36.0, 3087806.0)	(37.0, 3772110.0)	(38.0, 4103715.0)	(39.0, 3018390.0)	(40.0, 666709.0)
WBP-5_S9_R1_001	(2.0, 23.0)	(3.0, 0.0)	(4.0, 0.0)	(5.0, 0.0)	(6.0, 0.0)	(7.0, 0.0)	(8.0, 0.0)	(9.0, 0.0)	(10.0, 0.0)	(11.0, 0.0)	(12.0, 8.0)	(13.0, 1.0)	(14.0, 8.0)	(15.0, 16.0)	(16.0, 79.0)	(17.0, 257.0)	(18.0, 825.0)	(19.0, 2185.0)	(20.0, 5441.0)	(21.0, 11220.0)	(22.0, 20426.0)	(23.0, 33349.0)	(24.0, 51723.0)	(25.0, 76048.0)	(26.0, 105857.0)	(27.0, 141327.0)	(28.0, 183181.0)	(29.0, 230587.0)	(30.0, 283912.0)	(31.0, 343723.0)	(32.0, 414095.0)	(33.0, 497831.0)	(34.0, 605028.0)	(35.0, 747510.0)	(36.0, 970194.0)	(37.0, 1365745.0)	(38.0, 2316027.0)	(39.0, 5790492.0)	(40.0, 9537621.0)
WBP-5_S9_R2_001	(2.0, 24.0)	(3.0, 0.0)	(4.0, 0.0)	(5.0, 0.0)	(6.0, 0.0)	(7.0, 2.0)	(8.0, 0.0)	(9.0, 0.0)	(10.0, 2.0)	(11.0, 56.0)	(12.0, 858.0)	(13.0, 3122.0)	(14.0, 9427.0)	(15.0, 25263.0)	(16.0, 54752.0)	(17.0, 84087.0)	(18.0, 104567.0)	(19.0, 123299.0)	(20.0, 146256.0)	(21.0, 173129.0)	(22.0, 203520.0)	(23.0, 239301.0)	(24.0, 278807.0)	(25.0, 325958.0)	(26.0, 378414.0)	(27.0, 442517.0)	(28.0, 517266.0)	(29.0, 610153.0)	(30.0, 720225.0)	(31.0, 862087.0)	(32.0, 1040869.0)	(33.0, 1279928.0)	(34.0, 1590702.0)	(35.0, 2008923.0)	(36.0, 2546481.0)	(37.0, 3155018.0)	(38.0, 3510184.0)	(39.0, 2698459.0)	(40.0, 601083.0)
WBP-6_S10_R1_001	(2.0, 14.0)	(3.0, 0.0)	(4.0, 0.0)	(5.0, 0.0)	(6.0, 0.0)	(7.0, 1.0)	(8.0, 0.0)	(9.0, 0.0)	(10.0, 0.0)	(11.0, 0.0)	(12.0, 8.0)	(13.0, 1.0)	(14.0, 2.0)	(15.0, 23.0)	(16.0, 93.0)	(17.0, 323.0)	(18.0, 860.0)	(19.0, 2380.0)	(20.0, 5869.0)	(21.0, 11940.0)	(22.0, 21439.0)	(23.0, 35404.0)	(24.0, 54447.0)	(25.0, 79810.0)	(26.0, 110191.0)	(27.0, 147280.0)	(28.0, 191313.0)	(29.0, 240029.0)	(30.0, 294874.0)	(31.0, 358468.0)	(32.0, 432825.0)	(33.0, 519936.0)	(34.0, 631192.0)	(35.0, 781751.0)	(36.0, 1014823.0)	(37.0, 1434841.0)	(38.0, 2444564.0)	(39.0, 6134395.0)	(40.0, 10234531.0)
WBP-6_S10_R2_001	(2.0, 19.0)	(3.0, 0.0)	(4.0, 0.0)	(5.0, 0.0)	(6.0, 0.0)	(7.0, 0.0)	(8.0, 1.0)	(9.0, 0.0)	(10.0, 3.0)	(11.0, 70.0)	(12.0, 763.0)	(13.0, 2961.0)	(14.0, 8933.0)	(15.0, 25242.0)	(16.0, 55902.0)	(17.0, 87440.0)	(18.0, 109336.0)	(19.0, 130079.0)	(20.0, 155016.0)	(21.0, 183312.0)	(22.0, 215131.0)	(23.0, 252286.0)	(24.0, 296283.0)	(25.0, 343844.0)	(26.0, 401333.0)	(27.0, 467188.0)	(28.0, 547512.0)	(29.0, 642111.0)	(30.0, 758358.0)	(31.0, 904036.0)	(32.0, 1090797.0)	(33.0, 1338595.0)	(34.0, 1666185.0)	(35.0, 2112707.0)	(36.0, 2691731.0)	(37.0, 3358704.0)	(38.0, 3758410.0)	(39.0, 2915704.0)	(40.0, 663635.0)
WBP-7_S11_R1_001	(2.0, 23.0)	(3.0, 0.0)	(4.0, 0.0)	(5.0, 0.0)	(6.0, 0.0)	(7.0, 1.0)	(8.0, 0.0)	(9.0, 0.0)	(10.0, 0.0)	(11.0, 0.0)	(12.0, 5.0)	(13.0, 1.0)	(14.0, 6.0)	(15.0, 32.0)	(16.0, 206.0)	(17.0, 628.0)	(18.0, 1387.0)	(19.0, 3410.0)	(20.0, 7222.0)	(21.0, 13980.0)	(22.0, 24835.0)	(23.0, 40740.0)	(24.0, 62000.0)	(25.0, 89665.0)	(26.0, 123443.0)	(27.0, 165101.0)	(28.0, 213080.0)	(29.0, 266740.0)	(30.0, 329331.0)	(31.0, 398974.0)	(32.0, 482549.0)	(33.0, 578734.0)	(34.0, 701827.0)	(35.0, 868006.0)	(36.0, 1115339.0)	(37.0, 1566792.0)	(38.0, 2620614.0)	(39.0, 6476534.0)	(40.0, 10977505.0)
WBP-7_S11_R2_001	(2.0, 21.0)	(3.0, 0.0)	(4.0, 0.0)	(5.0, 0.0)	(6.0, 0.0)	(7.0, 1.0)	(8.0, 0.0)	(9.0, 0.0)	(10.0, 1.0)	(11.0, 103.0)	(12.0, 1265.0)	(13.0, 4724.0)	(14.0, 13192.0)	(15.0, 34463.0)	(16.0, 73938.0)	(17.0, 112207.0)	(18.0, 137345.0)	(19.0, 159803.0)	(20.0, 185829.0)	(21.0, 218207.0)	(22.0, 254263.0)	(23.0, 295690.0)	(24.0, 341680.0)	(25.0, 396684.0)	(26.0, 460617.0)	(27.0, 535837.0)	(28.0, 624879.0)	(29.0, 731240.0)	(30.0, 859973.0)	(31.0, 1020614.0)	(32.0, 1223679.0)	(33.0, 1486961.0)	(34.0, 1832422.0)	(35.0, 2292069.0)	(36.0, 2879651.0)	(37.0, 3532504.0)	(38.0, 3885771.0)	(39.0, 2914071.0)	(40.0, 619006.0)
WBP-8_S12_R1_001	(2.0, 5.0)	(3.0, 0.0)	(4.0, 0.0)	(5.0, 0.0)	(6.0, 0.0)	(7.0, 0.0)	(8.0, 0.0)	(9.0, 0.0)	(10.0, 0.0)	(11.0, 0.0)	(12.0, 3.0)	(13.0, 0.0)	(14.0, 3.0)	(15.0, 9.0)	(16.0, 37.0)	(17.0, 149.0)	(18.0, 361.0)	(19.0, 930.0)	(20.0, 2024.0)	(21.0, 3961.0)	(22.0, 6978.0)	(23.0, 11372.0)	(24.0, 17751.0)	(25.0, 25957.0)	(26.0, 36729.0)	(27.0, 49600.0)	(28.0, 64738.0)	(29.0, 82027.0)	(30.0, 101368.0)	(31.0, 122816.0)	(32.0, 148444.0)	(33.0, 178474.0)	(34.0, 218899.0)	(35.0, 272019.0)	(36.0, 355990.0)	(37.0, 513086.0)	(38.0, 902077.0)	(39.0, 2354208.0)	(40.0, 4026707.0)
WBP-8_S12_R2_001	(2.0, 8.0)	(3.0, 0.0)	(4.0, 0.0)	(5.0, 0.0)	(6.0, 0.0)	(7.0, 1.0)	(8.0, 0.0)	(9.0, 0.0)	(10.0, 0.0)	(11.0, 6.0)	(12.0, 130.0)	(13.0, 542.0)	(14.0, 1890.0)	(15.0, 5240.0)	(16.0, 12027.0)	(17.0, 19499.0)	(18.0, 25658.0)	(19.0, 32241.0)	(20.0, 39989.0)	(21.0, 48559.0)	(22.0, 59040.0)	(23.0, 70775.0)	(24.0, 84306.0)	(25.0, 100484.0)	(26.0, 119231.0)	(27.0, 141406.0)	(28.0, 168129.0)	(29.0, 200911.0)	(30.0, 242592.0)	(31.0, 296730.0)	(32.0, 367785.0)	(33.0, 465805.0)	(34.0, 602831.0)	(35.0, 792792.0)	(36.0, 1051049.0)	(37.0, 1360309.0)	(38.0, 1573820.0)	(39.0, 1264632.0)	(40.0, 348305.0)
WZP-10_S41_R1_001	(2.0, 10.0)	(3.0, 0.0)	(4.0, 0.0)	(5.0, 0.0)	(6.0, 0.0)	(7.0, 0.0)	(8.0, 0.0)	(9.0, 0.0)	(10.0, 0.0)	(11.0, 0.0)	(12.0, 4.0)	(13.0, 1.0)	(14.0, 4.0)	(15.0, 32.0)	(16.0, 121.0)	(17.0, 389.0)	(18.0, 984.0)	(19.0, 2603.0)	(20.0, 6157.0)	(21.0, 12250.0)	(22.0, 22124.0)	(23.0, 36141.0)	(24.0, 55593.0)	(25.0, 80091.0)	(26.0, 111148.0)	(27.0, 147080.0)	(28.0, 187644.0)	(29.0, 233513.0)	(30.0, 285883.0)	(31.0, 344468.0)	(32.0, 411732.0)	(33.0, 494879.0)	(34.0, 597251.0)	(35.0, 741762.0)	(36.0, 966587.0)	(37.0, 1381815.0)	(38.0, 2360875.0)	(39.0, 5517982.0)	(40.0, 7184717.0)
WZP-10_S41_R2_001	(2.0, 18.0)	(3.0, 0.0)	(4.0, 0.0)	(5.0, 0.0)	(6.0, 0.0)	(7.0, 0.0)	(8.0, 1.0)	(9.0, 0.0)	(10.0, 4.0)	(11.0, 221.0)	(12.0, 2541.0)	(13.0, 7806.0)	(14.0, 17719.0)	(15.0, 38363.0)	(16.0, 72204.0)	(17.0, 104822.0)	(18.0, 127480.0)	(19.0, 150052.0)	(20.0, 175144.0)	(21.0, 204439.0)	(22.0, 236365.0)	(23.0, 273095.0)	(24.0, 312051.0)	(25.0, 357337.0)	(26.0, 410073.0)	(27.0, 470234.0)	(28.0, 540318.0)	(29.0, 622866.0)	(30.0, 723394.0)	(31.0, 843232.0)	(32.0, 996758.0)	(33.0, 1197065.0)	(34.0, 1460479.0)	(35.0, 1803628.0)	(36.0, 2236780.0)	(37.0, 2680680.0)	(38.0, 2801805.0)	(39.0, 1915975.0)	(40.0, 400891.0)
WZP-11_S42_R1_001	(2.0, 22.0)	(3.0, 0.0)	(4.0, 0.0)	(5.0, 0.0)	(6.0, 0.0)	(7.0, 0.0)	(8.0, 0.0)	(9.0, 1.0)	(10.0, 0.0)	(11.0, 0.0)	(12.0, 9.0)	(13.0, 1.0)	(14.0, 1.0)	(15.0, 37.0)	(16.0, 192.0)	(17.0, 479.0)	(18.0, 1088.0)	(19.0, 2504.0)	(20.0, 5452.0)	(21.0, 11099.0)	(22.0, 20112.0)	(23.0, 33073.0)	(24.0, 51034.0)	(25.0, 74715.0)	(26.0, 105341.0)	(27.0, 143294.0)	(28.0, 186158.0)	(29.0, 238252.0)	(30.0, 298483.0)	(31.0, 367867.0)	(32.0, 449063.0)	(33.0, 549165.0)	(34.0, 675306.0)	(35.0, 846074.0)	(36.0, 1106254.0)	(37.0, 1565950.0)	(38.0, 2642461.0)	(39.0, 6459459.0)	(40.0, 10723768.0)
WZP-11_S42_R2_001	(2.0, 28.0)	(3.0, 0.0)	(4.0, 0.0)	(5.0, 0.0)	(6.0, 0.0)	(7.0, 2.0)	(8.0, 0.0)	(9.0, 0.0)	(10.0, 4.0)	(11.0, 147.0)	(12.0, 1959.0)	(13.0, 6716.0)	(14.0, 16458.0)	(15.0, 37939.0)	(16.0, 75496.0)	(17.0, 112519.0)	(18.0, 135902.0)	(19.0, 158646.0)	(20.0, 183888.0)	(21.0, 215380.0)	(22.0, 251090.0)	(23.0, 292020.0)	(24.0, 339173.0)	(25.0, 394943.0)	(26.0, 458798.0)	(27.0, 534781.0)	(28.0, 625036.0)	(29.0, 731897.0)	(30.0, 861736.0)	(31.0, 1023238.0)	(32.0, 1224879.0)	(33.0, 1486468.0)	(34.0, 1829531.0)	(35.0, 2272056.0)	(36.0, 2828869.0)	(37.0, 3432477.0)	(38.0, 3706801.0)	(39.0, 2730600.0)	(40.0, 587237.0)
WZP-12_S43_R1_001	(2.0, 23.0)	(3.0, 0.0)	(4.0, 0.0)	(5.0, 0.0)	(6.0, 0.0)	(7.0, 1.0)	(8.0, 0.0)	(9.0, 0.0)	(10.0, 0.0)	(11.0, 0.0)	(12.0, 5.0)	(13.0, 1.0)	(14.0, 2.0)	(15.0, 30.0)	(16.0, 126.0)	(17.0, 404.0)	(18.0, 937.0)	(19.0, 2221.0)	(20.0, 5243.0)	(21.0, 10486.0)	(22.0, 18579.0)	(23.0, 30243.0)	(24.0, 46323.0)	(25.0, 67176.0)	(26.0, 92912.0)	(27.0, 123907.0)	(28.0, 159947.0)	(29.0, 198840.0)	(30.0, 244503.0)	(31.0, 295558.0)	(32.0, 355358.0)	(33.0, 427938.0)	(34.0, 519754.0)	(35.0, 642480.0)	(36.0, 830569.0)	(37.0, 1166723.0)	(38.0, 1966905.0)	(39.0, 4887816.0)	(40.0, 8233675.0)
WZP-12_S43_R2_001	(2.0, 16.0)	(3.0, 0.0)	(4.0, 0.0)	(5.0, 0.0)	(6.0, 0.0)	(7.0, 1.0)	(8.0, 0.0)	(9.0, 0.0)	(10.0, 0.0)	(11.0, 61.0)	(12.0, 780.0)	(13.0, 3053.0)	(14.0, 9142.0)	(15.0, 24178.0)	(16.0, 51600.0)	(17.0, 79203.0)	(18.0, 97139.0)	(19.0, 112729.0)	(20.0, 132760.0)	(21.0, 155197.0)	(22.0, 181248.0)	(23.0, 213055.0)	(24.0, 247258.0)	(25.0, 287979.0)	(26.0, 334194.0)	(27.0, 389022.0)	(28.0, 451708.0)	(29.0, 528761.0)	(30.0, 622465.0)	(31.0, 739242.0)	(32.0, 887647.0)	(33.0, 1083002.0)	(34.0, 1342726.0)	(35.0, 1692456.0)	(36.0, 2153777.0)	(37.0, 2682232.0)	(38.0, 3009335.0)	(39.0, 2311804.0)	(40.0, 504915.0)
WZP-13_S44_R1_001	(2.0, 20.0)	(3.0, 0.0)	(4.0, 0.0)	(5.0, 0.0)	(6.0, 0.0)	(7.0, 0.0)	(8.0, 0.0)	(9.0, 0.0)	(10.0, 0.0)	(11.0, 0.0)	(12.0, 7.0)	(13.0, 0.0)	(14.0, 0.0)	(15.0, 30.0)	(16.0, 128.0)	(17.0, 395.0)	(18.0, 840.0)	(19.0, 1882.0)	(20.0, 3954.0)	(21.0, 7344.0)	(22.0, 12758.0)	(23.0, 20366.0)	(24.0, 31297.0)	(25.0, 45343.0)	(26.0, 62325.0)	(27.0, 82713.0)	(28.0, 107146.0)	(29.0, 133795.0)	(30.0, 164476.0)	(31.0, 199213.0)	(32.0, 239978.0)	(33.0, 288712.0)	(34.0, 350337.0)	(35.0, 433101.0)	(36.0, 564114.0)	(37.0, 800939.0)	(38.0, 1365661.0)	(39.0, 3348050.0)	(40.0, 5473648.0)
WZP-13_S44_R2_001	(2.0, 9.0)	(3.0, 0.0)	(4.0, 0.0)	(5.0, 0.0)	(6.0, 0.0)	(7.0, 0.0)	(8.0, 0.0)	(9.0, 0.0)	(10.0, 0.0)	(11.0, 30.0)	(12.0, 332.0)	(13.0, 1373.0)	(14.0, 4414.0)	(15.0, 12521.0)	(16.0, 26894.0)	(17.0, 42414.0)	(18.0, 54115.0)	(19.0, 64949.0)	(20.0, 77709.0)	(21.0, 93351.0)	(22.0, 111259.0)	(23.0, 130713.0)	(24.0, 154512.0)	(25.0, 181219.0)	(26.0, 211925.0)	(27.0, 249985.0)	(28.0, 292686.0)	(29.0, 344788.0)	(30.0, 411460.0)	(31.0, 491705.0)	(32.0, 598550.0)	(33.0, 738050.0)	(34.0, 920353.0)	(35.0, 1161663.0)	(36.0, 1475932.0)	(37.0, 1832343.0)	(38.0, 2053913.0)	(39.0, 1613172.0)	(40.0, 386233.0)
WZP-14_S45_R1_001	(2.0, 16.0)	(3.0, 0.0)	(4.0, 0.0)	(5.0, 0.0)	(6.0, 0.0)	(7.0, 1.0)	(8.0, 0.0)	(9.0, 0.0)	(10.0, 0.0)	(11.0, 0.0)	(12.0, 5.0)	(13.0, 0.0)	(14.0, 3.0)	(15.0, 11.0)	(16.0, 39.0)	(17.0, 169.0)	(18.0, 423.0)	(19.0, 1315.0)	(20.0, 3149.0)	(21.0, 6498.0)	(22.0, 12114.0)	(23.0, 19803.0)	(24.0, 30887.0)	(25.0, 45138.0)	(26.0, 63237.0)	(27.0, 85145.0)	(28.0, 110447.0)	(29.0, 138428.0)	(30.0, 170580.0)	(31.0, 208485.0)	(32.0, 250602.0)	(33.0, 303059.0)	(34.0, 366795.0)	(35.0, 456377.0)	(36.0, 595315.0)	(37.0, 850091.0)	(38.0, 1463215.0)	(39.0, 3742607.0)	(40.0, 6255779.0)
WZP-14_S45_R2_001	(2.0, 9.0)	(3.0, 0.0)	(4.0, 0.0)	(5.0, 0.0)	(6.0, 0.0)	(7.0, 0.0)	(8.0, 0.0)	(9.0, 0.0)	(10.0, 0.0)	(11.0, 25.0)	(12.0, 292.0)	(13.0, 1157.0)	(14.0, 3646.0)	(15.0, 10897.0)	(16.0, 24377.0)	(17.0, 39283.0)	(18.0, 50598.0)	(19.0, 62492.0)	(20.0, 75793.0)	(21.0, 92395.0)	(22.0, 110644.0)	(23.0, 130899.0)	(24.0, 154782.0)	(25.0, 182908.0)	(26.0, 214417.0)	(27.0, 252989.0)	(28.0, 297315.0)	(29.0, 351771.0)	(30.0, 420024.0)	(31.0, 504283.0)	(32.0, 616401.0)	(33.0, 766454.0)	(34.0, 972208.0)	(35.0, 1256878.0)	(36.0, 1640080.0)	(37.0, 2101945.0)	(38.0, 2422709.0)	(39.0, 1954490.0)	(40.0, 467572.0)
WZP-1_S32_R1_001	(2.0, 26.0)	(3.0, 0.0)	(4.0, 0.0)	(5.0, 0.0)	(6.0, 0.0)	(7.0, 0.0)	(8.0, 0.0)	(9.0, 0.0)	(10.0, 0.0)	(11.0, 0.0)	(12.0, 10.0)	(13.0, 1.0)	(14.0, 11.0)	(15.0, 43.0)	(16.0, 213.0)	(17.0, 591.0)	(18.0, 1350.0)	(19.0, 2696.0)	(20.0, 5778.0)	(21.0, 11062.0)	(22.0, 19456.0)	(23.0, 31256.0)	(24.0, 47655.0)	(25.0, 69622.0)	(26.0, 96774.0)	(27.0, 128707.0)	(28.0, 166701.0)	(29.0, 209577.0)	(30.0, 257833.0)	(31.0, 312924.0)	(32.0, 377367.0)	(33.0, 454253.0)	(34.0, 554125.0)	(35.0, 686405.0)	(36.0, 890345.0)	(37.0, 1257403.0)	(38.0, 2125726.0)	(39.0, 5204368.0)	(40.0, 8449475.0)
WZP-1_S32_R2_001	(2.0, 23.0)	(3.0, 0.0)	(4.0, 0.0)	(5.0, 0.0)	(6.0, 0.0)	(7.0, 4.0)	(8.0, 0.0)	(9.0, 0.0)	(10.0, 1.0)	(11.0, 94.0)	(12.0, 1315.0)	(13.0, 4322.0)	(14.0, 11827.0)	(15.0, 29275.0)	(16.0, 61663.0)	(17.0, 92851.0)	(18.0, 113006.0)	(19.0, 131513.0)	(20.0, 152545.0)	(21.0, 177994.0)	(22.0, 207390.0)	(23.0, 241359.0)	(24.0, 279218.0)	(25.0, 324285.0)	(26.0, 374831.0)	(27.0, 435124.0)	(28.0, 505319.0)	(29.0, 590582.0)	(30.0, 693883.0)	(31.0, 821758.0)	(32.0, 983159.0)	(33.0, 1192207.0)	(34.0, 1465647.0)	(35.0, 1821949.0)	(36.0, 2270848.0)	(37.0, 2748544.0)	(38.0, 2961721.0)	(39.0, 2178120.0)	(40.0, 489376.0)
WZP-2_S33_R1_001	(2.0, 12.0)	(3.0, 0.0)	(4.0, 0.0)	(5.0, 0.0)	(6.0, 0.0)	(7.0, 0.0)	(8.0, 0.0)	(9.0, 0.0)	(10.0, 0.0)	(11.0, 0.0)	(12.0, 4.0)	(13.0, 2.0)	(14.0, 3.0)	(15.0, 22.0)	(16.0, 91.0)	(17.0, 248.0)	(18.0, 663.0)	(19.0, 1516.0)	(20.0, 3267.0)	(21.0, 6064.0)	(22.0, 10774.0)	(23.0, 17380.0)	(24.0, 26865.0)	(25.0, 39081.0)	(26.0, 55007.0)	(27.0, 74619.0)	(28.0, 95893.0)	(29.0, 121336.0)	(30.0, 150221.0)	(31.0, 181794.0)	(32.0, 221897.0)	(33.0, 266676.0)	(34.0, 324378.0)	(35.0, 406393.0)	(36.0, 533008.0)	(37.0, 766561.0)	(38.0, 1329759.0)	(39.0, 3362811.0)	(40.0, 5807273.0)
WZP-2_S33_R2_001	(2.0, 14.0)	(3.0, 0.0)	(4.0, 0.0)	(5.0, 0.0)	(6.0, 0.0)	(7.0, 1.0)	(8.0, 0.0)	(9.0, 0.0)	(10.0, 0.0)	(11.0, 38.0)	(12.0, 279.0)	(13.0, 1139.0)	(14.0, 3338.0)	(15.0, 9587.0)	(16.0, 20718.0)	(17.0, 33199.0)	(18.0, 44046.0)	(19.0, 53823.0)	(20.0, 66719.0)	(21.0, 81180.0)	(22.0, 96940.0)	(23.0, 115025.0)	(24.0, 135908.0)	(25.0, 160038.0)	(26.0, 188640.0)	(27.0, 221628.0)	(28.0, 262757.0)	(29.0, 313211.0)	(30.0, 374601.0)	(31.0, 453671.0)	(32.0, 556712.0)	(33.0, 692433.0)	(34.0, 878312.0)	(35.0, 1131285.0)	(36.0, 1466828.0)	(37.0, 1876958.0)	(38.0, 2206258.0)	(39.0, 1857904.0)	(40.0, 500428.0)
WZP-3_S34_R1_001	(2.0, 15.0)	(3.0, 0.0)	(4.0, 0.0)	(5.0, 0.0)	(6.0, 0.0)	(7.0, 0.0)	(8.0, 0.0)	(9.0, 0.0)	(10.0, 0.0)	(11.0, 0.0)	(12.0, 12.0)	(13.0, 1.0)	(14.0, 7.0)	(15.0, 22.0)	(16.0, 108.0)	(17.0, 331.0)	(18.0, 861.0)	(19.0, 2118.0)	(20.0, 4704.0)	(21.0, 9104.0)	(22.0, 16159.0)	(23.0, 26351.0)	(24.0, 40765.0)	(25.0, 59138.0)	(26.0, 82548.0)	(27.0, 110111.0)	(28.0, 143260.0)	(29.0, 179259.0)	(30.0, 221335.0)	(31.0, 268466.0)	(32.0, 322594.0)	(33.0, 388921.0)	(34.0, 473323.0)	(35.0, 587771.0)	(36.0, 767445.0)	(37.0, 1095779.0)	(38.0, 1877967.0)	(39.0, 4687859.0)	(40.0, 7694654.0)
WZP-3_S34_R2_001	(2.0, 14.0)	(3.0, 0.0)	(4.0, 0.0)	(5.0, 0.0)	(6.0, 0.0)	(7.0, 0.0)	(8.0, 0.0)	(9.0, 0.0)	(10.0, 0.0)	(11.0, 53.0)	(12.0, 458.0)	(13.0, 1894.0)	(14.0, 5911.0)	(15.0, 16992.0)	(16.0, 37653.0)	(17.0, 59791.0)	(18.0, 75596.0)	(19.0, 91063.0)	(20.0, 108608.0)	(21.0, 130147.0)	(22.0, 154015.0)	(23.0, 182150.0)	(24.0, 212354.0)	(25.0, 250500.0)	(26.0, 293193.0)	(27.0, 343218.0)	(28.0, 404742.0)	(29.0, 477561.0)	(30.0, 568363.0)	(31.0, 684229.0)	(32.0, 827877.0)	(33.0, 1019164.0)	(34.0, 1272253.0)	(35.0, 1608398.0)	(36.0, 2043814.0)	(37.0, 2544773.0)	(38.0, 2854879.0)	(39.0, 2254977.0)	(40.0, 536348.0)
WZP-4_S35_R1_001	(2.0, 16.0)	(3.0, 0.0)	(4.0, 0.0)	(5.0, 0.0)	(6.0, 0.0)	(7.0, 0.0)	(8.0, 0.0)	(9.0, 0.0)	(10.0, 0.0)	(11.0, 0.0)	(12.0, 4.0)	(13.0, 0.0)	(14.0, 1.0)	(15.0, 21.0)	(16.0, 62.0)	(17.0, 216.0)	(18.0, 562.0)	(19.0, 1282.0)	(20.0, 3112.0)	(21.0, 5992.0)	(22.0, 10812.0)	(23.0, 17531.0)	(24.0, 27223.0)	(25.0, 40253.0)	(26.0, 55686.0)	(27.0, 75217.0)	(28.0, 97674.0)	(29.0, 123238.0)	(30.0, 151559.0)	(31.0, 182840.0)	(32.0, 220524.0)	(33.0, 265973.0)	(34.0, 323602.0)	(35.0, 402906.0)	(36.0, 523828.0)	(37.0, 749807.0)	(38.0, 1283884.0)	(39.0, 3231723.0)	(40.0, 5603867.0)
WZP-4_S35_R2_001	(2.0, 7.0)	(3.0, 0.0)	(4.0, 0.0)	(5.0, 0.0)	(6.0, 0.0)	(7.0, 0.0)	(8.0, 0.0)	(9.0, 0.0)	(10.0, 0.0)	(11.0, 19.0)	(12.0, 244.0)	(13.0, 962.0)	(14.0, 3252.0)	(15.0, 9846.0)	(16.0, 21907.0)	(17.0, 35514.0)	(18.0, 46120.0)	(19.0, 56126.0)	(20.0, 68337.0)	(21.0, 82497.0)	(22.0, 99070.0)	(23.0, 117895.0)	(24.0, 139201.0)	(25.0, 165209.0)	(26.0, 194906.0)	(27.0, 229560.0)	(28.0, 271786.0)	(29.0, 321708.0)	(30.0, 384038.0)	(31.0, 462262.0)	(32.0, 563036.0)	(33.0, 694208.0)	(34.0, 875551.0)	(35.0, 1117199.0)	(36.0, 1434618.0)	(37.0, 1811390.0)	(38.0, 2079527.0)	(39.0, 1683957.0)	(40.0, 429463.0)
WZP-5_S36_R1_001	(2.0, 17.0)	(3.0, 0.0)	(4.0, 0.0)	(5.0, 0.0)	(6.0, 0.0)	(7.0, 0.0)	(8.0, 0.0)	(9.0, 0.0)	(10.0, 0.0)	(11.0, 0.0)	(12.0, 10.0)	(13.0, 1.0)	(14.0, 4.0)	(15.0, 25.0)	(16.0, 100.0)	(17.0, 360.0)	(18.0, 823.0)	(19.0, 1855.0)	(20.0, 4245.0)	(21.0, 8237.0)	(22.0, 14218.0)	(23.0, 22934.0)	(24.0, 34707.0)	(25.0, 50395.0)	(26.0, 70136.0)	(27.0, 93090.0)	(28.0, 119607.0)	(29.0, 150465.0)	(30.0, 184328.0)	(31.0, 223903.0)	(32.0, 270184.0)	(33.0, 325532.0)	(34.0, 396177.0)	(35.0, 490451.0)	(36.0, 634526.0)	(37.0, 897963.0)	(38.0, 1510546.0)	(39.0, 3635912.0)	(40.0, 5780072.0)
WZP-5_S36_R2_001	(2.0, 12.0)	(3.0, 0.0)	(4.0, 0.0)	(5.0, 0.0)	(6.0, 0.0)	(7.0, 1.0)	(8.0, 0.0)	(9.0, 0.0)	(10.0, 2.0)	(11.0, 67.0)	(12.0, 840.0)	(13.0, 3496.0)	(14.0, 9770.0)	(15.0, 24307.0)	(16.0, 49103.0)	(17.0, 72993.0)	(18.0, 87576.0)	(19.0, 101040.0)	(20.0, 115713.0)	(21.0, 134929.0)	(22.0, 156773.0)	(23.0, 180162.0)	(24.0, 208036.0)	(25.0, 239705.0)	(26.0, 276140.0)	(27.0, 318568.0)	(28.0, 369715.0)	(29.0, 428013.0)	(30.0, 498239.0)	(31.0, 586788.0)	(32.0, 696846.0)	(33.0, 832633.0)	(34.0, 1010699.0)	(35.0, 1239246.0)	(36.0, 1529315.0)	(37.0, 1844040.0)	(38.0, 2006679.0)	(39.0, 1542067.0)	(40.0, 357310.0)
WZP-6_S37_R1_001	(2.0, 9.0)	(3.0, 0.0)	(4.0, 0.0)	(5.0, 0.0)	(6.0, 0.0)	(7.0, 0.0)	(8.0, 0.0)	(9.0, 0.0)	(10.0, 0.0)	(11.0, 0.0)	(12.0, 10.0)	(13.0, 0.0)	(14.0, 2.0)	(15.0, 13.0)	(16.0, 86.0)	(17.0, 232.0)	(18.0, 582.0)	(19.0, 1454.0)	(20.0, 3338.0)	(21.0, 6775.0)	(22.0, 11913.0)	(23.0, 19387.0)	(24.0, 30121.0)	(25.0, 43679.0)	(26.0, 60004.0)	(27.0, 80117.0)	(28.0, 103159.0)	(29.0, 129816.0)	(30.0, 158904.0)	(31.0, 192774.0)	(32.0, 231746.0)	(33.0, 278271.0)	(34.0, 338661.0)	(35.0, 417856.0)	(36.0, 541811.0)	(37.0, 765638.0)	(38.0, 1290077.0)	(39.0, 3185282.0)	(40.0, 5315234.0)
WZP-6_S37_R2_001	(2.0, 14.0)	(3.0, 0.0)	(4.0, 0.0)	(5.0, 0.0)	(6.0, 0.0)	(7.0, 1.0)	(8.0, 0.0)	(9.0, 0.0)	(10.0, 4.0)	(11.0, 45.0)	(12.0, 450.0)	(13.0, 1717.0)	(14.0, 5246.0)	(15.0, 14033.0)	(16.0, 30590.0)	(17.0, 47415.0)	(18.0, 59276.0)	(19.0, 69437.0)	(20.0, 82264.0)	(21.0, 97089.0)	(22.0, 115134.0)	(23.0, 135143.0)	(24.0, 158670.0)	(25.0, 185342.0)	(26.0, 216194.0)	(27.0, 252133.0)	(28.0, 295461.0)	(29.0, 347290.0)	(30.0, 410601.0)	(31.0, 488680.0)	(32.0, 587697.0)	(33.0, 717672.0)	(34.0, 890902.0)	(35.0, 1117819.0)	(36.0, 1411110.0)	(37.0, 1743957.0)	(38.0, 1931670.0)	(39.0, 1467551.0)	(40.0, 326344.0)
WZP-7_S38_R1_001	(2.0, 12.0)	(3.0, 0.0)	(4.0, 0.0)	(5.0, 0.0)	(6.0, 0.0)	(7.0, 0.0)	(8.0, 0.0)	(9.0, 0.0)	(10.0, 0.0)	(11.0, 0.0)	(12.0, 7.0)	(13.0, 0.0)	(14.0, 6.0)	(15.0, 14.0)	(16.0, 57.0)	(17.0, 220.0)	(18.0, 571.0)	(19.0, 1381.0)	(20.0, 3205.0)	(21.0, 6256.0)	(22.0, 11581.0)	(23.0, 18658.0)	(24.0, 29024.0)	(25.0, 42540.0)	(26.0, 59038.0)	(27.0, 78410.0)	(28.0, 101201.0)	(29.0, 126894.0)	(30.0, 156083.0)	(31.0, 188645.0)	(32.0, 227770.0)	(33.0, 275279.0)	(34.0, 333349.0)	(35.0, 413491.0)	(36.0, 542378.0)	(37.0, 776001.0)	(38.0, 1329668.0)	(39.0, 3251538.0)	(40.0, 5347238.0)
WZP-7_S38_R2_001	(2.0, 5.0)	(3.0, 0.0)	(4.0, 0.0)	(5.0, 0.0)	(6.0, 0.0)	(7.0, 1.0)	(8.0, 0.0)	(9.0, 1.0)	(10.0, 0.0)	(11.0, 23.0)	(12.0, 301.0)	(13.0, 1218.0)	(14.0, 3769.0)	(15.0, 10407.0)	(16.0, 23038.0)	(17.0, 37235.0)	(18.0, 48324.0)	(19.0, 58863.0)	(20.0, 72007.0)	(21.0, 86976.0)	(22.0, 103658.0)	(23.0, 122808.0)	(24.0, 145502.0)	(25.0, 172889.0)	(26.0, 203325.0)	(27.0, 238128.0)	(28.0, 280643.0)	(29.0, 331913.0)	(30.0, 395611.0)	(31.0, 476399.0)	(32.0, 577948.0)	(33.0, 713340.0)	(34.0, 886865.0)	(35.0, 1121369.0)	(36.0, 1419333.0)	(37.0, 1774909.0)	(38.0, 2021105.0)	(39.0, 1613838.0)	(40.0, 378764.0)
WZP-8_S39_R1_001	(2.0, 12.0)	(3.0, 0.0)	(4.0, 0.0)	(5.0, 0.0)	(6.0, 0.0)	(7.0, 0.0)	(8.0, 0.0)	(9.0, 0.0)	(10.0, 0.0)	(11.0, 0.0)	(12.0, 9.0)	(13.0, 1.0)	(14.0, 6.0)	(15.0, 21.0)	(16.0, 82.0)	(17.0, 280.0)	(18.0, 659.0)	(19.0, 1660.0)	(20.0, 3736.0)	(21.0, 7303.0)	(22.0, 12882.0)	(23.0, 21316.0)	(24.0, 32867.0)	(25.0, 48603.0)	(26.0, 67896.0)	(27.0, 91369.0)	(28.0, 118080.0)	(29.0, 149266.0)	(30.0, 185096.0)	(31.0, 225501.0)	(32.0, 271691.0)	(33.0, 326928.0)	(34.0, 400266.0)	(35.0, 497380.0)	(36.0, 650891.0)	(37.0, 936080.0)	(38.0, 1616920.0)	(39.0, 4094251.0)	(40.0, 6923865.0)
WZP-8_S39_R2_001	(2.0, 19.0)	(3.0, 0.0)	(4.0, 0.0)	(5.0, 0.0)	(6.0, 0.0)	(7.0, 0.0)	(8.0, 0.0)	(9.0, 0.0)	(10.0, 0.0)	(11.0, 49.0)	(12.0, 433.0)	(13.0, 1671.0)	(14.0, 5102.0)	(15.0, 13954.0)	(16.0, 30494.0)	(17.0, 47609.0)	(18.0, 61535.0)	(19.0, 74850.0)	(20.0, 90613.0)	(21.0, 108609.0)	(22.0, 129876.0)	(23.0, 154194.0)	(24.0, 182519.0)	(25.0, 214185.0)	(26.0, 252173.0)	(27.0, 297993.0)	(28.0, 351105.0)	(29.0, 417221.0)	(30.0, 500940.0)	(31.0, 604461.0)	(32.0, 736482.0)	(33.0, 915320.0)	(34.0, 1150040.0)	(35.0, 1462455.0)	(36.0, 1857401.0)	(37.0, 2291860.0)	(38.0, 2498292.0)	(39.0, 1829706.0)	(40.0, 403756.0)
WZP-9_S40_R1_001	(2.0, 24.0)	(3.0, 0.0)	(4.0, 0.0)	(5.0, 0.0)	(6.0, 0.0)	(7.0, 1.0)	(8.0, 0.0)	(9.0, 0.0)	(10.0, 0.0)	(11.0, 0.0)	(12.0, 14.0)	(13.0, 0.0)	(14.0, 5.0)	(15.0, 43.0)	(16.0, 219.0)	(17.0, 536.0)	(18.0, 1263.0)	(19.0, 2886.0)	(20.0, 6186.0)	(21.0, 11986.0)	(22.0, 20918.0)	(23.0, 33249.0)	(24.0, 50840.0)	(25.0, 74122.0)	(26.0, 102686.0)	(27.0, 136447.0)	(28.0, 175796.0)	(29.0, 219474.0)	(30.0, 269656.0)	(31.0, 325908.0)	(32.0, 393012.0)	(33.0, 471725.0)	(34.0, 574772.0)	(35.0, 716847.0)	(36.0, 937724.0)	(37.0, 1340291.0)	(38.0, 2290331.0)	(39.0, 5513925.0)	(40.0, 8565246.0)
WZP-9_S40_R2_001	(2.0, 21.0)	(3.0, 0.0)	(4.0, 0.0)	(5.0, 0.0)	(6.0, 0.0)	(7.0, 3.0)	(8.0, 0.0)	(9.0, 1.0)	(10.0, 1.0)	(11.0, 57.0)	(12.0, 765.0)	(13.0, 2963.0)	(14.0, 9126.0)	(15.0, 24800.0)	(16.0, 53026.0)	(17.0, 81838.0)	(18.0, 103548.0)	(19.0, 123206.0)	(20.0, 146152.0)	(21.0, 173199.0)	(22.0, 204303.0)	(23.0, 240532.0)	(24.0, 282155.0)	(25.0, 329529.0)	(26.0, 383174.0)	(27.0, 448454.0)	(28.0, 524820.0)	(29.0, 615782.0)	(30.0, 726581.0)	(31.0, 863227.0)	(32.0, 1038163.0)	(33.0, 1256069.0)	(34.0, 1539478.0)	(35.0, 1901459.0)	(36.0, 2349344.0)	(37.0, 2846478.0)	(38.0, 3113674.0)	(39.0, 2354423.0)	(40.0, 499781.0)
