Sample	0	1	2	3	4	5	6	7	8	9	10	11	12	13	14	15
CZP-1_S3_R1_001	(1.0, 75.82867042207799)	(2.0, 10.79954446193493)	(3.0, 3.172225918342296)	(4.0, 2.0345587098144113)	(5.0, 1.5223011170819125)	(6.0, 1.205220057501045)	(7.0, 0.9562833826014586)	(8.0, 0.8024709440370368)	(9.0, 0.6253988943067038)	('>10', 2.5424312280995887)	('>50', 0.39136977553938695)	('>100', 0.11952508866332572)	('>500', 0.0)	('>1k', 0.0)	('>5k', 0.0)	('>10k+', 0.0)
CZP-1_S3_R2_001	(1.0, 77.56965688021556)	(2.0, 10.09896603061298)	(3.0, 3.0901947223755406)	(4.0, 1.9417983294544496)	(5.0, 1.4321043840201706)	(6.0, 1.1106080062801045)	(7.0, 0.8825974934590012)	(8.0, 0.7478296709841151)	(9.0, 0.5216438579341927)	('>10', 2.1478598817167085)	('>50', 0.3676979346780517)	('>100', 0.08904280826907135)	('>500', 0.0)	('>1k', 0.0)	('>5k', 0.0)	('>10k+', 0.0)
CZP-2_S4_R1_001	(1.0, 67.40724217205243)	(2.0, 11.525625460833448)	(3.0, 3.4096897803550688)	(4.0, 1.77614077202254)	(5.0, 1.2500609942512644)	(6.0, 0.9270594120751735)	(7.0, 0.8789646109452329)	(8.0, 0.8417997621159026)	(9.0, 0.7312284571835901)	('>10', 10.011892047779366)	('>50', 0.6094179117939447)	('>100', 0.6220919529070935)	('>500', 0.008786665684880622)	('>1k', 0.0)	('>5k', 0.0)	('>10k+', 0.0)
CZP-2_S4_R2_001	(1.0, 69.45839442860304)	(2.0, 10.74488005701217)	(3.0, 3.1655804350781658)	(4.0, 1.705938137566145)	(5.0, 1.1785486693274485)	(6.0, 0.9875326167964941)	(7.0, 0.8622736511723156)	(8.0, 0.7778938271091181)	(9.0, 0.7264884375328087)	('>10', 9.334993301529623)	('>50', 0.4981982086976286)	('>100', 0.554150692957405)	('>500', 0.0051275366175500174)	('>1k', 0.0)	('>5k', 0.0)	('>10k+', 0.0)
ELP-1_S49_R1_001	(1.0, 70.20122499351899)	(2.0, 11.613364921924033)	(3.0, 3.1115119460706087)	(4.0, 1.5784846789274283)	(5.0, 1.27520917870059)	(6.0, 1.1125100192071384)	(7.0, 1.0759223223840404)	(8.0, 0.9114616730699706)	(9.0, 0.8482830234614969)	('>10', 7.290404122822763)	('>50', 0.5278172260467723)	('>100', 0.42700982106525187)	('>500', 0.02044506625040995)	('>1k', 0.006351006550493074)	('>5k', 0.0)	('>10k+', 0.0)
ELP-1_S49_R2_001	(1.0, 72.91836532393711)	(2.0, 10.534456609527728)	(3.0, 2.8482109383338625)	(4.0, 1.4971769278699256)	(5.0, 1.254757536781538)	(6.0, 1.0538006071257886)	(7.0, 1.0120733442765855)	(8.0, 0.9148701957365073)	(9.0, 0.8103346966325038)	('>10', 6.3104955452266225)	('>50', 0.46102426515862066)	('>100', 0.36454544139660755)	('>500', 0.013576223186247759)	('>1k', 0.006312344810384666)	('>5k', 0.0)	('>10k+', 0.0)
FRUpstream-1_S1_R1_001	(1.0, 79.76860521786719)	(2.0, 11.761251876918093)	(3.0, 3.831884181470105)	(4.0, 1.889011229030483)	(5.0, 0.9490265999762101)	(6.0, 0.5068001036569703)	(7.0, 0.2848594896232707)	(8.0, 0.14593031972883289)	(9.0, 0.10323817317224482)	('>10', 0.7561557369077573)	('>50', 0.0032370716487950917)	('>100', 0.0)	('>500', 0.0)	('>1k', 0.0)	('>5k', 0.0)	('>10k+', 0.0)
FRUpstream-1_S1_R2_001	(1.0, 81.36256809188333)	(2.0, 10.915641934736819)	(3.0, 3.611612261283934)	(4.0, 1.6741235053445072)	(5.0, 0.8415155937016073)	(6.0, 0.4295067734199385)	(7.0, 0.24582551156649493)	(8.0, 0.1395312315456009)	(9.0, 0.07741907877946999)	('>10', 0.6990409882335713)	('>50', 0.0032150295047278497)	('>100', 0.0)	('>500', 0.0)	('>1k', 0.0)	('>5k', 0.0)	('>10k+', 0.0)
FRUpstream-2_S2_R1_001	(1.0, 80.92553014448166)	(2.0, 11.90012766362114)	(3.0, 3.4306012914493955)	(4.0, 1.544685527169055)	(5.0, 0.792490921685309)	(6.0, 0.35593312085967493)	(7.0, 0.2193523207333142)	(8.0, 0.1141262227181531)	(9.0, 0.08164445004449579)	('>10', 0.6355083372378566)	('>50', 0.0)	('>100', 0.0)	('>500', 0.0)	('>1k', 0.0)	('>5k', 0.0)	('>10k+', 0.0)
FRUpstream-2_S2_R2_001	(1.0, 82.58233021158716)	(2.0, 10.896709266611342)	(3.0, 3.1319533110005784)	(4.0, 1.4069034354852257)	(5.0, 0.6936058864985272)	(6.0, 0.30854082372975505)	(7.0, 0.16503068934881374)	(8.0, 0.11302951137681969)	(9.0, 0.08380006452422971)	('>10', 0.6180967998375763)	('>50', 0.0)	('>100', 0.0)	('>500', 0.0)	('>1k', 0.0)	('>5k', 0.0)	('>10k+', 0.0)
FZP-1_S50_R1_001	(1.0, 75.88583146072423)	(2.0, 10.72580226877168)	(3.0, 3.2078153577682706)	(4.0, 2.113139297574716)	(5.0, 1.6484336732021314)	(6.0, 1.3407514355283578)	(7.0, 1.13877892946941)	(8.0, 0.8376791090293381)	(9.0, 0.6082658321430893)	('>10', 2.2455697343688215)	('>50', 0.2247558276326119)	('>100', 0.023177073787317662)	('>500', 0.0)	('>1k', 0.0)	('>5k', 0.0)	('>10k+', 0.0)
FZP-1_S50_R2_001	(1.0, 78.47533148724645)	(2.0, 9.602664643627474)	(3.0, 2.9520885367128225)	(4.0, 1.9195619994511093)	(5.0, 1.564105954510825)	(6.0, 1.2175339502442757)	(7.0, 0.9317649485534419)	(8.0, 0.7043265531674299)	(9.0, 0.4866990606708022)	('>10', 1.9302310101706948)	('>50', 0.1971140855230031)	('>100', 0.018577770121679195)	('>500', 0.0)	('>1k', 0.0)	('>5k', 0.0)	('>10k+', 0.0)
FZP-2_S51_R1_001	(1.0, 76.22459839121869)	(2.0, 11.322151028066232)	(3.0, 3.3798834005316603)	(4.0, 1.900610230719078)	(5.0, 1.293739332475898)	(6.0, 0.9742073845485067)	(7.0, 0.6867221969109278)	(8.0, 0.551376930379773)	(9.0, 0.41185132621544107)	('>10', 2.6183507066851024)	('>50', 0.5122220145156605)	('>100', 0.12428705773307609)	('>500', 0.0)	('>1k', 0.0)	('>5k', 0.0)	('>10k+', 0.0)
FZP-2_S51_R2_001	(1.0, 78.00537155197541)	(2.0, 10.467065990682437)	(3.0, 3.19574595448801)	(4.0, 1.7835330457709118)	(5.0, 1.155693358660089)	(6.0, 0.8994179733126368)	(7.0, 0.6308812308952494)	(8.0, 0.5075343231630453)	(9.0, 0.38319251874746335)	('>10', 2.390924876930342)	('>50', 0.4696619111708987)	('>100', 0.11097726420347903)	('>500', 0.0)	('>1k', 0.0)	('>5k', 0.0)	('>10k+', 0.0)
FZP-3_S52_R1_001	(1.0, 77.60151091579756)	(2.0, 10.20010202756714)	(3.0, 3.1379709961382867)	(4.0, 1.911454789682878)	(5.0, 1.3374931373381025)	(6.0, 1.0056465894962021)	(7.0, 0.7036002186531518)	(8.0, 0.5455987016589031)	(9.0, 0.42433725808569794)	('>10', 2.772415047532044)	('>50', 0.3247682672591068)	('>100', 0.03510205079100921)	('>500', 0.0)	('>1k', 0.0)	('>5k', 0.0)	('>10k+', 0.0)
FZP-3_S52_R2_001	(1.0, 79.09478241704544)	(2.0, 9.72001920616084)	(3.0, 2.988756784350597)	(4.0, 1.725686026755883)	(5.0, 1.2012901663636426)	(6.0, 0.8870099938445367)	(7.0, 0.7048671146327485)	(8.0, 0.4883245706120049)	(9.0, 0.40076706744817503)	('>10', 2.47185523439615)	('>50', 0.29536984425769885)	('>100', 0.02127157413230049)	('>500', 0.0)	('>1k', 0.0)	('>5k', 0.0)	('>10k+', 0.0)
HFP-1_S53_R1_001	(1.0, 76.11800983462294)	(2.0, 10.942370291065545)	(3.0, 3.5011011168531363)	(4.0, 1.8726092384375788)	(5.0, 1.4010750289070621)	(6.0, 1.0523509101472575)	(7.0, 0.7903459654330295)	(8.0, 0.6193692477404991)	(9.0, 0.5541126524732505)	('>10', 2.6732941973523676)	('>50', 0.4350999603926599)	('>100', 0.04026155657465509)	('>500', 0.0)	('>1k', 0.0)	('>5k', 0.0)	('>10k+', 0.0)
HFP-1_S53_R2_001	(1.0, 77.43323513399326)	(2.0, 10.46859849885612)	(3.0, 3.19904123429223)	(4.0, 1.8288027886994191)	(5.0, 1.3335732563045994)	(6.0, 1.0190227858927732)	(7.0, 0.7751839379173836)	(8.0, 0.5783977694629595)	(9.0, 0.47473976898953096)	('>10', 2.430301608930679)	('>50', 0.4266568465556854)	('>100', 0.03244637010541471)	('>500', 0.0)	('>1k', 0.0)	('>5k', 0.0)	('>10k+', 0.0)
KTP-10_S22_R1_001	(1.0, 74.48394893698014)	(2.0, 10.290070366617696)	(3.0, 2.670453023052105)	(4.0, 1.5562197812574894)	(5.0, 1.2257434976783657)	(6.0, 1.1544005074657464)	(7.0, 0.9731295385355974)	(8.0, 0.9777396547498916)	(9.0, 0.8379855201181683)	('>10', 4.911858125725341)	('>50', 0.489343218207146)	('>100', 0.4291078296122726)	('>500', 0.0)	('>1k', 0.0)	('>5k', 0.0)	('>10k+', 0.0)
KTP-10_S22_R2_001	(1.0, 77.18846044372773)	(2.0, 9.132902847034543)	(3.0, 2.4687287804401117)	(4.0, 1.4457635527548862)	(5.0, 1.16109200830036)	(6.0, 1.1107018887129603)	(7.0, 0.9977240980138113)	(8.0, 0.8652174897449741)	(9.0, 0.732279409557036)	('>10', 4.133819912941977)	('>50', 0.4169391750488632)	('>100', 0.34637039372264394)	('>500', 0.0)	('>1k', 0.0)	('>5k', 0.0)	('>10k+', 0.0)
KTP-11_S23_R1_001	(1.0, 80.922971281211)	(2.0, 9.809058545195626)	(3.0, 2.7651675752302176)	(4.0, 1.5159879388955448)	(5.0, 1.088840282137416)	(6.0, 0.7130009545323067)	(7.0, 0.5157951784653444)	(8.0, 0.36102709673187305)	(9.0, 0.23379308240554963)	('>10', 1.5952571897697376)	('>50', 0.4316245915645463)	('>100', 0.047476283860754774)	('>500', 0.0)	('>1k', 0.0)	('>5k', 0.0)	('>10k+', 0.0)
KTP-11_S23_R2_001	(1.0, 82.68410219770901)	(2.0, 8.959627211173316)	(3.0, 2.518054809587016)	(4.0, 1.4408575503009864)	(5.0, 0.9037824108370307)	(6.0, 0.6450478685508728)	(7.0, 0.4464627648424927)	(8.0, 0.32828600689700377)	(9.0, 0.21427020185858367)	('>10', 1.439817511076061)	('>50', 0.38717893738423614)	('>100', 0.03251252978339576)	('>500', 0.0)	('>1k', 0.0)	('>5k', 0.0)	('>10k+', 0.0)
KTP-12_S24_R1_001	(1.0, 74.45078267641419)	(2.0, 11.515444403395739)	(3.0, 3.394918356713678)	(4.0, 1.9020064009332056)	(5.0, 1.2947907530038092)	(6.0, 0.9948309487382468)	(7.0, 0.7740329128785196)	(8.0, 0.5711549866635321)	(9.0, 0.47710467747390806)	('>10', 3.642817841512013)	('>50', 0.7117815767322171)	('>100', 0.27033446554088236)	('>500', 0.0)	('>1k', 0.0)	('>5k', 0.0)	('>10k+', 0.0)
KTP-12_S24_R2_001	(1.0, 76.29925614102406)	(2.0, 10.611660976468865)	(3.0, 3.2522615440097713)	(4.0, 1.8064026171982015)	(5.0, 1.1794689690709723)	(6.0, 0.9224550903696794)	(7.0, 0.6780223311782833)	(8.0, 0.5957410385236914)	(9.0, 0.48336907529563716)	('>10', 3.25857807456836)	('>50', 0.6751021681692503)	('>100', 0.23768197412315598)	('>500', 0.0)	('>1k', 0.0)	('>5k', 0.0)	('>10k+', 0.0)
KTP-13_S25_R1_001	(1.0, 83.18069536128472)	(2.0, 9.615214951273563)	(3.0, 2.5760323449581275)	(4.0, 1.3334982776913518)	(5.0, 0.8533849853984858)	(6.0, 0.5933142915853978)	(7.0, 0.3650124261615377)	(8.0, 0.22101876863948994)	(9.0, 0.16122187146128442)	('>10', 0.9539628721350812)	('>50', 0.11195136280961464)	('>100', 0.03469248660140081)	('>500', 0.0)	('>1k', 0.0)	('>5k', 0.0)	('>10k+', 0.0)
KTP-13_S25_R2_001	(1.0, 84.83966233951949)	(2.0, 8.888704814132032)	(3.0, 2.254000378541591)	(4.0, 1.1945892354088532)	(5.0, 0.7553572194685148)	(6.0, 0.5538024412538465)	(7.0, 0.28757453276061234)	(8.0, 0.18421072632167504)	(9.0, 0.13351344496404904)	('>10', 0.8026697707837878)	('>50', 0.07738084759616479)	('>100', 0.028534249249363042)	('>500', 0.0)	('>1k', 0.0)	('>5k', 0.0)	('>10k+', 0.0)
KTP-14_S26_R1_001	(1.0, 77.30885523972046)	(2.0, 10.10117165700973)	(3.0, 3.049989238644052)	(4.0, 1.8590888636535876)	(5.0, 1.3404591025369184)	(6.0, 1.0664159630079144)	(7.0, 0.8221783313123399)	(8.0, 0.6456373358769075)	(9.0, 0.5139417882631533)	('>10', 2.6961585464634363)	('>50', 0.5020908661048331)	('>100', 0.08758308282587168)	('>500', 0.006429984580794431)	('>1k', 0.0)	('>5k', 0.0)	('>10k+', 0.0)
KTP-14_S26_R2_001	(1.0, 79.6721628856068)	(2.0, 9.088464220702363)	(3.0, 2.7506427630427512)	(4.0, 1.7302007218732935)	(5.0, 1.2583298568257926)	(6.0, 0.9727876490573372)	(7.0, 0.6946969141762702)	(8.0, 0.5929716603678722)	(9.0, 0.4202637644996729)	('>10', 2.284794690755454)	('>50', 0.4517597075098011)	('>100', 0.07665564523214514)	('>500', 0.006269520350468741)	('>1k', 0.0)	('>5k', 0.0)	('>10k+', 0.0)
KTP-15_S27_R1_001	(1.0, 79.89262731657941)	(2.0, 10.95438053283429)	(3.0, 3.0059410276160783)	(4.0, 1.583730078749531)	(5.0, 1.1008960280546078)	(6.0, 0.7264485786344601)	(7.0, 0.48988848141243296)	(8.0, 0.34257249125464767)	(9.0, 0.2546678523272451)	('>10', 1.3123727230554474)	('>50', 0.28378236601668183)	('>100', 0.052692523465172864)	('>500', 0.0)	('>1k', 0.0)	('>5k', 0.0)	('>10k+', 0.0)
KTP-15_S27_R2_001	(1.0, 82.1155722678309)	(2.0, 9.866786122892178)	(3.0, 2.687504307300914)	(4.0, 1.4672931056634901)	(5.0, 0.9011089106554505)	(6.0, 0.5776183313760876)	(7.0, 0.413725967860909)	(8.0, 0.2773563493008552)	(9.0, 0.19229875471596902)	('>10', 1.2001732829110614)	('>50', 0.2640485132507294)	('>100', 0.03651408624142808)	('>500', 0.0)	('>1k', 0.0)	('>5k', 0.0)	('>10k+', 0.0)
KTP-16_S28_R1_001	(1.0, 79.94431789317206)	(2.0, 9.992724972645055)	(3.0, 3.0134233040267886)	(4.0, 1.918652217308509)	(5.0, 1.3529820411405438)	(6.0, 0.9780436294528603)	(7.0, 0.6358673740063386)	(8.0, 0.45084189564249705)	(9.0, 0.2911044724116063)	('>10', 1.1930797605463304)	('>50', 0.21066176712746507)	('>100', 0.018300672519991158)	('>500', 0.0)	('>1k', 0.0)	('>5k', 0.0)	('>10k+', 0.0)
KTP-16_S28_R2_001	(1.0, 82.19958473644311)	(2.0, 8.96692464952984)	(3.0, 2.7329322033759884)	(4.0, 1.7224284090131214)	(5.0, 1.2003608173991167)	(6.0, 0.8094501774564986)	(7.0, 0.5543170950635521)	(8.0, 0.35662917428060553)	(9.0, 0.23764384951222095)	('>10', 1.0085489358103514)	('>50', 0.19275092691462523)	('>100', 0.018429025200945783)	('>500', 0.0)	('>1k', 0.0)	('>5k', 0.0)	('>10k+', 0.0)
KTP-17_S29_R1_001	(1.0, 79.19981739831321)	(2.0, 10.618861297321097)	(3.0, 3.1163181753357216)	(4.0, 1.822549953333483)	(5.0, 1.3264311377134808)	(6.0, 0.8878541807365512)	(7.0, 0.6202737006733039)	(8.0, 0.41724512828743693)	(9.0, 0.2865753761293413)	('>10', 1.349587760787333)	('>50', 0.2979027576409253)	('>100', 0.05658313372808516)	('>500', 0.0)	('>1k', 0.0)	('>5k', 0.0)	('>10k+', 0.0)
KTP-17_S29_R2_001	(1.0, 81.24404339380517)	(2.0, 9.627850318664995)	(3.0, 2.846952306741504)	(4.0, 1.697001883315687)	(5.0, 1.1174921108138844)	(6.0, 0.8139735070000466)	(7.0, 0.5237280145676291)	(8.0, 0.3427994932419903)	(9.0, 0.21289477974897486)	('>10', 1.2282059036979853)	('>50', 0.30487693963439655)	('>100', 0.04018134876780351)	('>500', 0.0)	('>1k', 0.0)	('>5k', 0.0)	('>10k+', 0.0)
KTP-18_S30_R1_001	(1.0, 77.47190875741094)	(2.0, 11.509926296625487)	(3.0, 3.1404289134803745)	(4.0, 1.9129706985838417)	(5.0, 1.3306393201116635)	(6.0, 0.9156522229014937)	(7.0, 0.7072728454383376)	(8.0, 0.4801895593809098)	(9.0, 0.32628340830980157)	('>10', 1.7015404825062035)	('>50', 0.42449251975680946)	('>100', 0.07869497549416626)	('>500', 0.0)	('>1k', 0.0)	('>5k', 0.0)	('>10k+', 0.0)
KTP-18_S30_R2_001	(1.0, 79.69425421058793)	(2.0, 10.346384092261838)	(3.0, 2.9650060631796245)	(4.0, 1.7666628880081798)	(5.0, 1.1967456181689275)	(6.0, 0.8399306367674226)	(7.0, 0.5773525523524318)	(8.0, 0.42421733692227054)	(9.0, 0.2864533518264647)	('>10', 1.4741757715701247)	('>50', 0.3695630785208551)	('>100', 0.05925439983397185)	('>500', 0.0)	('>1k', 0.0)	('>5k', 0.0)	('>10k+', 0.0)
KTP-19_S31_R1_001	(1.0, 72.92261779578072)	(2.0, 10.705964201514508)	(3.0, 2.8225556525268662)	(4.0, 1.6895283384951123)	(5.0, 1.489211182019579)	(6.0, 1.362489252784767)	(7.0, 1.2826052377028103)	(8.0, 1.0570158883582303)	(9.0, 0.9154888390578999)	('>10', 4.734100562032645)	('>50', 0.49880004664534144)	('>100', 0.5196230030814999)	('>500', 0.0)	('>1k', 0.0)	('>5k', 0.0)	('>10k+', 0.0)
KTP-19_S31_R2_001	(1.0, 76.0399910077971)	(2.0, 9.361660420184839)	(3.0, 2.566812142128665)	(4.0, 1.6671912851169701)	(5.0, 1.4004565359844316)	(6.0, 1.2412902069778522)	(7.0, 1.072412738673159)	(8.0, 0.9755713863233774)	(9.0, 0.786255981090501)	('>10', 3.9224618193651057)	('>50', 0.45708110784591977)	('>100', 0.508815368512066)	('>500', 0.0)	('>1k', 0.0)	('>5k', 0.0)	('>10k+', 0.0)
KTP-1_S13_R1_001	(1.0, 81.95015639679117)	(2.0, 10.426017630181809)	(3.0, 2.853345861891837)	(4.0, 1.433046420766388)	(5.0, 0.8669116311932799)	(6.0, 0.561821795102003)	(7.0, 0.33797769756767626)	(8.0, 0.1944285871938061)	(9.0, 0.14465973301439733)	('>10', 1.0379470168318927)	('>50', 0.17728009060660657)	('>100', 0.016407138859145007)	('>500', 0.0)	('>1k', 0.0)	('>5k', 0.0)	('>10k+', 0.0)
KTP-1_S13_R2_001	(1.0, 83.78669819949783)	(2.0, 9.495321010983549)	(3.0, 2.479728196417653)	(4.0, 1.255471083964409)	(5.0, 0.7970281369939936)	(6.0, 0.4629945336081144)	(7.0, 0.2724675569379915)	(8.0, 0.20679474830144207)	(9.0, 0.11883618789626835)	('>10', 0.9625377740972129)	('>50', 0.15387939603105003)	('>100', 0.008243175270480244)	('>500', 0.0)	('>1k', 0.0)	('>5k', 0.0)	('>10k+', 0.0)
KTP-2_S14_R1_001	(1.0, 73.26048411931095)	(2.0, 11.149314685521459)	(3.0, 3.0836448946962425)	(4.0, 1.7870197724688828)	(5.0, 1.3550916329114744)	(6.0, 1.1787806071748919)	(7.0, 1.044082605631773)	(8.0, 0.7585680674455353)	(9.0, 0.6993634007028863)	('>10', 4.7636119449526895)	('>50', 0.6192262816138776)	('>100', 0.2444782070534869)	('>500', 0.0)	('>1k', 0.056333780515930944)	('>5k', 0.0)	('>10k+', 0.0)
KTP-2_S14_R2_001	(1.0, 75.95106620495226)	(2.0, 10.102134002362211)	(3.0, 2.7944783280105803)	(4.0, 1.6147247615767013)	(5.0, 1.2775440803432059)	(6.0, 1.028576588662206)	(7.0, 0.9005576503429069)	(8.0, 0.7316855798967878)	(9.0, 0.5470105864088484)	('>10', 4.281260084017894)	('>50', 0.5470081908808234)	('>100', 0.17778479855135806)	('>500', 0.0)	('>1k', 0.0461691439943532)	('>5k', 0.0)	('>10k+', 0.0)
KTP-3_S15_R1_001	(1.0, 80.67387131457251)	(2.0, 10.311002487528778)	(3.0, 2.8300627272731105)	(4.0, 1.5993748837343558)	(5.0, 1.0451979135657787)	(6.0, 0.6950443555555057)	(7.0, 0.4543856002908862)	(8.0, 0.33859626498938)	(9.0, 0.18417981748111775)	('>10', 1.2235425685147274)	('>50', 0.5236019393395241)	('>100', 0.12114012715429522)	('>500', 0.0)	('>1k', 0.0)	('>5k', 0.0)	('>10k+', 0.0)
KTP-3_S15_R2_001	(1.0, 82.74274900636132)	(2.0, 9.253539293867071)	(3.0, 2.590186944013492)	(4.0, 1.4146264625265499)	(5.0, 0.9353996949495488)	(6.0, 0.6151685824829806)	(7.0, 0.3680710679060055)	(8.0, 0.26114346718485504)	(9.0, 0.17807500873567228)	('>10', 1.0683817853450244)	('>50', 0.47351773813929887)	('>100', 0.09914094848817853)	('>500', 0.0)	('>1k', 0.0)	('>5k', 0.0)	('>10k+', 0.0)
KTP-4_S16_R1_001	(1.0, 82.02413903858412)	(2.0, 10.540862947975569)	(3.0, 2.5075121580138617)	(4.0, 1.1166919409053728)	(5.0, 0.6447885317879651)	(6.0, 0.449370065365015)	(7.0, 0.31367726972056925)	(8.0, 0.20058242433498796)	(9.0, 0.15420709521400058)	('>10', 1.400145452590651)	('>50', 0.5096443597185928)	('>100', 0.13837871578919478)	('>500', 0.0)	('>1k', 0.0)	('>5k', 0.0)	('>10k+', 0.0)
KTP-4_S16_R2_001	(1.0, 84.09406122244312)	(2.0, 9.223743582906831)	(3.0, 2.2584111787949146)	(4.0, 0.9901925141138617)	(5.0, 0.5813567830393891)	(6.0, 0.36848181887839365)	(7.0, 0.2487561834898698)	(8.0, 0.2138547570905691)	(9.0, 0.1593363039520547)	('>10', 1.2774817958413536)	('>50', 0.48150167297988467)	('>100', 0.10282218646971797)	('>500', 0.0)	('>1k', 0.0)	('>5k', 0.0)	('>10k+', 0.0)
KTP-5_S17_R1_001	(1.0, 72.61881308171895)	(2.0, 11.085113493655555)	(3.0, 3.015489501828733)	(4.0, 1.727462875110859)	(5.0, 1.4336162163864001)	(6.0, 1.2422102064304976)	(7.0, 1.0501564608201979)	(8.0, 0.9350378528072091)	(9.0, 0.7620008655140976)	('>10', 5.05016118768898)	('>50', 0.520376148981278)	('>100', 0.5595621090573178)	('>500', 0.0)	('>1k', 0.0)	('>5k', 0.0)	('>10k+', 0.0)
KTP-5_S17_R2_001	(1.0, 75.1840024546216)	(2.0, 10.051626457044085)	(3.0, 2.8149868139588463)	(4.0, 1.6141037264292717)	(5.0, 1.3179048426333817)	(6.0, 1.1945172525006618)	(7.0, 0.9398941128877649)	(8.0, 0.8104181905108773)	(9.0, 0.709788785172792)	('>10', 4.355171865336168)	('>50', 0.5115945441725668)	('>100', 0.49599095473186344)	('>500', 0.0)	('>1k', 0.0)	('>5k', 0.0)	('>10k+', 0.0)
KTP-6_S18_R1_001	(1.0, 78.42452009827336)	(2.0, 10.215304225823486)	(3.0, 3.0221872582628744)	(4.0, 1.7377674714522957)	(5.0, 1.1944521291533345)	(6.0, 0.847706570284036)	(7.0, 0.6695522876960961)	(8.0, 0.4938874284701106)	(9.0, 0.3970821535634317)	('>10', 2.6198719964882184)	('>50', 0.32294778545731145)	('>100', 0.05472059507546479)	('>500', 0.0)	('>1k', 0.0)	('>5k', 0.0)	('>10k+', 0.0)
KTP-6_S18_R2_001	(1.0, 80.05328823025263)	(2.0, 9.426126931584038)	(3.0, 2.76206709912923)	(4.0, 1.6767618691398458)	(5.0, 1.0833131089881138)	(6.0, 0.8407935063431574)	(7.0, 0.6185784262405875)	(8.0, 0.4888476429738229)	(9.0, 0.3455696898252007)	('>10', 2.356872606212288)	('>50', 0.3010329196728245)	('>100', 0.046747969638280325)	('>500', 0.0)	('>1k', 0.0)	('>5k', 0.0)	('>10k+', 0.0)
KTP-7_S19_R1_001	(1.0, 84.13445377258681)	(2.0, 9.617055847412)	(3.0, 2.225314180114033)	(4.0, 1.056818983943538)	(5.0, 0.7028767936129732)	(6.0, 0.4497295726060224)	(7.0, 0.33790050617798884)	(8.0, 0.2084659125937328)	(9.0, 0.160732122708875)	('>10', 1.06306581157055)	('>50', 0.03355714955406903)	('>100', 0.010029347119438056)	('>500', 0.0)	('>1k', 0.0)	('>5k', 0.0)	('>10k+', 0.0)
KTP-7_S19_R2_001	(1.0, 85.44921133419756)	(2.0, 8.739642495919494)	(3.0, 2.12595910191399)	(4.0, 1.0023058147330586)	(5.0, 0.6449759475528821)	(6.0, 0.3996840579058405)	(7.0, 0.2978656857304622)	(8.0, 0.20434625256862035)	(9.0, 0.14206845800047)	('>10', 0.9520543174088603)	('>50', 0.03700295647325679)	('>100', 0.004883577595454789)	('>500', 0.0)	('>1k', 0.0)	('>5k', 0.0)	('>10k+', 0.0)
KTP-8_S20_R1_001	(1.0, 79.6216158387136)	(2.0, 10.494757205706719)	(3.0, 3.0049693783628153)	(4.0, 1.74879760622761)	(5.0, 1.1827111742232381)	(6.0, 0.9138792814628207)	(7.0, 0.6203124957344955)	(8.0, 0.4288537960026929)	(9.0, 0.3372574056068768)	('>10', 1.2899185941621414)	('>50', 0.3138593271894905)	('>100', 0.04306789660750017)	('>500', 0.0)	('>1k', 0.0)	('>5k', 0.0)	('>10k+', 0.0)
KTP-8_S20_R2_001	(1.0, 82.07825075709954)	(2.0, 9.232149154182078)	(3.0, 2.6915114992028975)	(4.0, 1.5066752894145388)	(5.0, 1.1173234350273042)	(6.0, 0.7340169240314004)	(7.0, 0.5575212914726833)	(8.0, 0.3536766084858358)	(9.0, 0.2832691143482297)	('>10', 1.0986100033371278)	('>50', 0.31331088242270466)	('>100', 0.033685040975606796)	('>500', 0.0)	('>1k', 0.0)	('>5k', 0.0)	('>10k+', 0.0)
KTP-9_S21_R1_001	(1.0, 80.2940562740589)	(2.0, 11.016039940258251)	(3.0, 2.8246533409386023)	(4.0, 1.392577847583676)	(5.0, 0.9019667554761549)	(6.0, 0.6433205029950173)	(7.0, 0.4541336405178169)	(8.0, 0.3259480599311959)	(9.0, 0.2635105239948492)	('>10', 1.5925856469153035)	('>50', 0.2630263871804158)	('>100', 0.028181080149804187)	('>500', 0.0)	('>1k', 0.0)	('>5k', 0.0)	('>10k+', 0.0)
KTP-9_S21_R2_001	(1.0, 81.9336601419241)	(2.0, 10.236295005457713)	(3.0, 2.558172108840461)	(4.0, 1.3092256077733886)	(5.0, 0.8232514783204999)	(6.0, 0.5480281877534551)	(7.0, 0.3930933647625129)	(8.0, 0.3218966688581283)	(9.0, 0.2307194541864641)	('>10', 1.4014081768499276)	('>50', 0.21943158675469301)	('>100', 0.0248182185186424)	('>500', 0.0)	('>1k', 0.0)	('>5k', 0.0)	('>10k+', 0.0)
STP-1_S46_R1_001	(1.0, 80.4854199337843)	(2.0, 10.219640461397022)	(3.0, 2.962249171872723)	(4.0, 1.6326419006818453)	(5.0, 1.0770166258398155)	(6.0, 0.7445331342747786)	(7.0, 0.506219615859792)	(8.0, 0.35417509530663027)	(9.0, 0.23171377686520261)	('>10', 1.4405840394720582)	('>50', 0.26569191540325726)	('>100', 0.08011432924262443)	('>500', 0.0)	('>1k', 0.0)	('>5k', 0.0)	('>10k+', 0.0)
STP-1_S46_R2_001	(1.0, 82.57802524365293)	(2.0, 9.141374512806324)	(3.0, 2.6977449764240555)	(4.0, 1.497738642139415)	(5.0, 0.9696916759952962)	(6.0, 0.6192388628466764)	(7.0, 0.40383290709919983)	(8.0, 0.28421519229199443)	(9.0, 0.21829819178008095)	('>10', 1.259591702635189)	('>50', 0.26214275938605924)	('>100', 0.06810533294277857)	('>500', 0.0)	('>1k', 0.0)	('>5k', 0.0)	('>10k+', 0.0)
STP-2_S47_R1_001	(1.0, 79.20506454766668)	(2.0, 10.117342259095508)	(3.0, 2.819022569216451)	(4.0, 1.7112903245614448)	(5.0, 1.2343212375580603)	(6.0, 0.8460451423295573)	(7.0, 0.6158336843147566)	(8.0, 0.509719927683849)	(9.0, 0.3760598139018039)	('>10', 2.183481126155444)	('>50', 0.3196905823698224)	('>100', 0.062128785146656304)	('>500', 0.0)	('>1k', 0.0)	('>5k', 0.0)	('>10k+', 0.0)
STP-2_S47_R2_001	(1.0, 80.86667515843293)	(2.0, 9.377700067855395)	(3.0, 2.675365105618148)	(4.0, 1.5717020807556177)	(5.0, 1.0585927103533308)	(6.0, 0.7985289921261377)	(7.0, 0.5802954478228628)	(8.0, 0.43203201402019664)	(9.0, 0.3638070819820245)	('>10', 1.9291039318897019)	('>50', 0.2987508044653343)	('>100', 0.04744660467831522)	('>500', 0.0)	('>1k', 0.0)	('>5k', 0.0)	('>10k+', 0.0)
STP-3_S48_R1_001	(1.0, 77.08234262468271)	(2.0, 11.375332058268137)	(3.0, 3.351467994128179)	(4.0, 1.9875278688529003)	(5.0, 1.328392721176877)	(6.0, 1.0348782568501254)	(7.0, 0.7278878662312207)	(8.0, 0.5372477851054804)	(9.0, 0.4304039894634717)	('>10', 1.8436192558211808)	('>50', 0.27036048695495024)	('>100', 0.030539092464703384)	('>500', 0.0)	('>1k', 0.0)	('>5k', 0.0)	('>10k+', 0.0)
STP-3_S48_R2_001	(1.0, 78.87688547093884)	(2.0, 10.623519006039658)	(3.0, 3.1575929024519436)	(4.0, 1.7279462996799746)	(5.0, 1.2760809849046162)	(6.0, 0.9131969907179901)	(7.0, 0.6760173469775086)	(8.0, 0.47899127175405465)	(9.0, 0.37087220477816263)	('>10', 1.6197247291299832)	('>50', 0.25027160629144135)	('>100', 0.02890118633573268)	('>500', 0.0)	('>1k', 0.0)	('>5k', 0.0)	('>10k+', 0.0)
WBP-1_S5_R1_001	(1.0, 77.663018508169)	(2.0, 10.282899891882492)	(3.0, 3.162130450827638)	(4.0, 1.723282078212365)	(5.0, 1.1668147603624177)	(6.0, 0.9034518231161806)	(7.0, 0.7532006458322235)	(8.0, 0.5254143898589267)	(9.0, 0.4762411130361856)	('>10', 3.0360217250588084)	('>50', 0.2792135911855356)	('>100', 0.028311022458219755)	('>500', 0.0)	('>1k', 0.0)	('>5k', 0.0)	('>10k+', 0.0)
WBP-1_S5_R2_001	(1.0, 79.1648440889848)	(2.0, 9.710513039459343)	(3.0, 2.8085318392391074)	(4.0, 1.64707158482786)	(5.0, 1.0870111026468847)	(6.0, 0.8028030703086785)	(7.0, 0.6520225124963793)	(8.0, 0.5059706805866534)	(9.0, 0.40812309707552363)	('>10', 2.9508268771018997)	('>50', 0.2333957319645025)	('>100', 0.028886375308320916)	('>500', 0.0)	('>1k', 0.0)	('>5k', 0.0)	('>10k+', 0.0)
WBP-2_S6_R1_001	(1.0, 74.41472624629405)	(2.0, 10.124445507188248)	(3.0, 3.3541917526615004)	(4.0, 2.3312284334996343)	(5.0, 1.8476483144510214)	(6.0, 1.4786854236215978)	(7.0, 1.179945899857342)	(8.0, 0.9667287149904848)	(9.0, 0.7876626051928454)	('>10', 3.043246723978718)	('>50', 0.43489357586055644)	('>100', 0.03659680240397036)	('>500', 0.0)	('>1k', 0.0)	('>5k', 0.0)	('>10k+', 0.0)
WBP-2_S6_R2_001	(1.0, 76.39493824948987)	(2.0, 9.319662043152231)	(3.0, 3.3298481008989467)	(4.0, 2.232589428691655)	(5.0, 1.708802643887518)	(6.0, 1.3451195344857383)	(7.0, 1.112007522264613)	(8.0, 0.8573579352051974)	(9.0, 0.6550678699122781)	('>10', 2.616878421110127)	('>50', 0.4025062496717395)	('>100', 0.025222001230083255)	('>500', 0.0)	('>1k', 0.0)	('>5k', 0.0)	('>10k+', 0.0)
WBP-3_S7_R1_001	(1.0, 74.09977190505688)	(2.0, 11.27372973574305)	(3.0, 3.568911952278717)	(4.0, 2.1538379752159105)	(5.0, 1.5555408460480753)	(6.0, 1.2200739399818126)	(7.0, 0.9629244339733858)	(8.0, 0.8681562396447995)	(9.0, 0.6059661238783519)	('>10', 3.4119539047989553)	('>50', 0.26109938934425325)	('>100', 0.01803355403581235)	('>500', 0.0)	('>1k', 0.0)	('>5k', 0.0)	('>10k+', 0.0)
WBP-3_S7_R2_001	(1.0, 75.65139620388057)	(2.0, 10.695895422747254)	(3.0, 3.418841725640748)	(4.0, 2.0334877503145106)	(5.0, 1.5073666141633497)	(6.0, 1.1326009400399448)	(7.0, 0.9375332340765612)	(8.0, 0.7205672969164152)	(9.0, 0.5676486497148093)	('>10', 3.05917936742352)	('>50', 0.2608830081325263)	('>100', 0.014599786949723232)	('>500', 0.0)	('>1k', 0.0)	('>5k', 0.0)	('>10k+', 0.0)
WBP-4_S8_R1_001	(1.0, 69.9968399386188)	(2.0, 10.989903878866096)	(3.0, 2.8977393439602475)	(4.0, 1.6082162755079288)	(5.0, 1.3024294276239923)	(6.0, 1.2717294055462511)	(7.0, 1.1744845487905302)	(8.0, 1.126275285332168)	(9.0, 1.0930324531340194)	('>10', 7.556122929092901)	('>50', 0.6023151214155514)	('>100', 0.38091139211159203)	('>500', 0.0)	('>1k', 0.0)	('>5k', 0.0)	('>10k+', 0.0)
WBP-4_S8_R2_001	(1.0, 72.8985131596329)	(2.0, 9.871564693453449)	(3.0, 2.624668650209533)	(4.0, 1.6071775565187982)	(5.0, 1.276099355089613)	(6.0, 1.2533486059970116)	(7.0, 1.1217553928753299)	(8.0, 1.100638670946833)	(9.0, 0.9925172010843081)	('>10', 6.339755241332271)	('>50', 0.5705738528348396)	('>100', 0.34338762002508527)	('>500', 0.0)	('>1k', 0.0)	('>5k', 0.0)	('>10k+', 0.0)
WBP-5_S9_R1_001	(1.0, 67.96965140649945)	(2.0, 9.094374881739228)	(3.0, 2.276263854098602)	(4.0, 1.3822610909397732)	(5.0, 1.2721187026400795)	(6.0, 1.3302621301177506)	(7.0, 1.3997372551790062)	(8.0, 1.4119885237253738)	(9.0, 1.360556932017205)	('>10', 11.87291702170038)	('>50', 0.4838601491139602)	('>100', 0.1460080522292654)	('>500', 0.0)	('>1k', 0.0)	('>5k', 0.0)	('>10k+', 0.0)
WBP-5_S9_R2_001	(1.0, 70.79606229512535)	(2.0, 8.362730447169458)	(3.0, 2.1073770939855225)	(4.0, 1.4184240655387574)	(5.0, 1.3072431109910179)	(6.0, 1.3614621754920362)	(7.0, 1.3292477854535605)	(8.0, 1.3312206893844098)	(9.0, 1.3311689045106785)	('>10', 10.053542290506483)	('>50', 0.4747182681078735)	('>100', 0.1268028737348477)	('>500', 0.0)	('>1k', 0.0)	('>5k', 0.0)	('>10k+', 0.0)
WBP-6_S10_R1_001	(1.0, 70.85132327704869)	(2.0, 10.260693884882537)	(3.0, 2.786478897095696)	(4.0, 1.6009778806860442)	(5.0, 1.5492200935941995)	(6.0, 1.4479601445767833)	(7.0, 1.3442423374060515)	(8.0, 1.2380528027068285)	(9.0, 1.1405094929712418)	('>10', 6.917666220753301)	('>50', 0.4441230934974459)	('>100', 0.4187518747812029)	('>500', 0.0)	('>1k', 0.0)	('>5k', 0.0)	('>10k+', 0.0)
WBP-6_S10_R2_001	(1.0, 73.61476882210579)	(2.0, 9.200091611494468)	(3.0, 2.6040513770239175)	(4.0, 1.6468910029566768)	(5.0, 1.4626592564229701)	(6.0, 1.3229068913160016)	(7.0, 1.2793353707403277)	(8.0, 1.1446462762720355)	(9.0, 0.9435724507654746)	('>10', 5.978316844449885)	('>50', 0.41021419053255914)	('>100', 0.39254590591979877)	('>500', 0.0)	('>1k', 0.0)	('>5k', 0.0)	('>10k+', 0.0)
WBP-7_S11_R1_001	(1.0, 67.64982913381925)	(2.0, 10.276271040992187)	(3.0, 2.360947417537812)	(4.0, 1.269838072396724)	(5.0, 1.1852277974677135)	(6.0, 1.0842082623531382)	(7.0, 1.1738999889053419)	(8.0, 1.2830965693374545)	(9.0, 1.1957840394933563)	('>10', 11.822642850076361)	('>50', 0.35507096342508176)	('>100', 0.34318386419567876)	('>500', 0.0)	('>1k', 0.0)	('>5k', 0.0)	('>10k+', 0.0)
WBP-7_S11_R2_001	(1.0, 70.91237129803012)	(2.0, 9.175860767263867)	(3.0, 2.212142886121323)	(4.0, 1.2818924821808875)	(5.0, 1.0829008086669807)	(6.0, 1.138299931771416)	(7.0, 1.2100200614761871)	(8.0, 1.276975419442467)	(9.0, 1.2178562615450716)	('>10', 9.857110149693659)	('>50', 0.30762265812852807)	('>100', 0.3269472756792414)	('>500', 0.0)	('>1k', 0.0)	('>5k', 0.0)	('>10k+', 0.0)
WBP-8_S12_R1_001	(1.0, 72.21892488331044)	(2.0, 10.054951118405647)	(3.0, 3.508873751188239)	(4.0, 2.4023152127552883)	(5.0, 1.9063412449522736)	(6.0, 1.5567620220174094)	(7.0, 1.2863113167448814)	(8.0, 1.1304388661105602)	(9.0, 0.8845162296103388)	('>10', 4.962962630784638)	('>50', 0.07829568801457529)	('>100', 0.009307036105709588)	('>500', 0.0)	('>1k', 0.0)	('>5k', 0.0)	('>10k+', 0.0)
WBP-8_S12_R2_001	(1.0, 74.19086153573227)	(2.0, 9.433552668783229)	(3.0, 3.3588009875390465)	(4.0, 2.229258306445096)	(5.0, 1.8141573048233477)	(6.0, 1.4147316118653115)	(7.0, 1.2305726832654693)	(8.0, 1.0370643461124838)	(9.0, 0.9119760155472842)	('>10', 4.302494719471962)	('>50', 0.0691929379589566)	('>100', 0.007336882455454792)	('>500', 0.0)	('>1k', 0.0)	('>5k', 0.0)	('>10k+', 0.0)
WZP-10_S41_R1_001	(1.0, 73.20242743384686)	(2.0, 10.170201587654802)	(3.0, 2.9181617399763082)	(4.0, 1.867473522371164)	(5.0, 1.690220632187963)	(6.0, 1.547333886953201)	(7.0, 1.4400897381114133)	(8.0, 1.1823434354295481)	(9.0, 0.9842234884249701)	('>10', 4.134766031662758)	('>50', 0.5919981546528226)	('>100', 0.27076034872822086)	('>500', 0.0)	('>1k', 0.0)	('>5k', 0.0)	('>10k+', 0.0)
WZP-10_S41_R2_001	(1.0, 76.06332037442796)	(2.0, 9.121401481888059)	(3.0, 2.620396443102977)	(4.0, 1.8874572067238633)	(5.0, 1.57733673252358)	(6.0, 1.3917030109102142)	(7.0, 1.2748842909157898)	(8.0, 0.9841520401657731)	(9.0, 0.8596065092011095)	('>10', 3.4575141776161007)	('>50', 0.5266239480216475)	('>100', 0.23560378450290903)	('>500', 0.0)	('>1k', 0.0)	('>5k', 0.0)	('>10k+', 0.0)
WZP-11_S42_R1_001	(1.0, 72.81660769153207)	(2.0, 8.774421144916982)	(3.0, 2.1682687761626687)	(4.0, 1.338228794042234)	(5.0, 1.2355255448741407)	(6.0, 1.2259325087755064)	(7.0, 1.2727256664941966)	(8.0, 1.271233103930155)	(9.0, 1.1776598573162504)	('>10', 8.204910931025148)	('>50', 0.39293519865600346)	('>100', 0.11651655889553479)	('>500', 0.005034223379157757)	('>1k', 0.0)	('>5k', 0.0)	('>10k+', 0.0)
WZP-11_S42_R2_001	(1.0, 75.53093410216142)	(2.0, 7.95229055317644)	(3.0, 2.135572289760415)	(4.0, 1.3149647697041607)	(5.0, 1.215147400108978)	(6.0, 1.2175637116738267)	(7.0, 1.217966710402874)	(8.0, 1.1799752817487954)	(9.0, 1.0871647335246597)	('>10', 6.665184291669999)	('>50', 0.36571303302228425)	('>100', 0.11264719779150803)	('>500', 0.004875925254676569)	('>1k', 0.0)	('>5k', 0.0)	('>10k+', 0.0)
WZP-12_S43_R1_001	(1.0, 74.29694696913)	(2.0, 9.983817278589884)	(3.0, 2.8391485791516744)	(4.0, 1.8990826225156858)	(5.0, 1.7994097553506858)	(6.0, 1.515553641039407)	(7.0, 1.2949385730482088)	(8.0, 1.1086543702953655)	(9.0, 0.8817204573511077)	('>10', 3.7635561077982627)	('>50', 0.49481226991320815)	('>100', 0.12235937581648901)	('>500', 0.0)	('>1k', 0.0)	('>5k', 0.0)	('>10k+', 0.0)
WZP-12_S43_R2_001	(1.0, 76.77792301643154)	(2.0, 9.109838836719362)	(3.0, 2.671277983011347)	(4.0, 1.8748735786502997)	(5.0, 1.631072624382645)	(6.0, 1.4182873611210658)	(7.0, 1.2013436664104378)	(8.0, 0.9771707939048243)	(9.0, 0.7385968818002527)	('>10', 3.0386548708671164)	('>50', 0.45557024793516565)	('>100', 0.10539013876586015)	('>500', 0.0)	('>1k', 0.0)	('>5k', 0.0)	('>10k+', 0.0)
WZP-13_S44_R1_001	(1.0, 74.58531621139593)	(2.0, 10.218269978213701)	(3.0, 3.305090587493556)	(4.0, 2.3815280181645373)	(5.0, 2.011740684161351)	(6.0, 1.5771103426779423)	(7.0, 1.2042549925782122)	(8.0, 0.9542678821170762)	(9.0, 0.7474901905422218)	('>10', 2.6678298288699973)	('>50', 0.3287017625973529)	('>100', 0.018399521188093505)	('>500', 0.0)	('>1k', 0.0)	('>5k', 0.0)	('>10k+', 0.0)
WZP-13_S44_R2_001	(1.0, 76.93702958329787)	(2.0, 9.222564766292237)	(3.0, 3.121269705131173)	(4.0, 2.3092390653844266)	(5.0, 1.8165267374474607)	(6.0, 1.5027134127322508)	(7.0, 1.149741844343031)	(8.0, 0.8349413942441732)	(9.0, 0.6296492788085363)	('>10', 2.192782359277155)	('>50', 0.2698248619127882)	('>100', 0.01371699112886643)	('>500', 0.0)	('>1k', 0.0)	('>5k', 0.0)	('>10k+', 0.0)
WZP-14_S45_R1_001	(1.0, 72.53150923103186)	(2.0, 10.104507662911685)	(3.0, 3.249260674130187)	(4.0, 2.279741546753609)	(5.0, 1.8671792181022089)	(6.0, 1.6520946716507354)	(7.0, 1.298311749084754)	(8.0, 1.1255083769685699)	(9.0, 0.9391869124148214)	('>10', 4.513017102493609)	('>50', 0.3939243640520121)	('>100', 0.04575849040601478)	('>500', 0.0)	('>1k', 0.0)	('>5k', 0.0)	('>10k+', 0.0)
WZP-14_S45_R2_001	(1.0, 74.72349692682675)	(2.0, 9.374324526521043)	(3.0, 3.127788838412471)	(4.0, 2.172331452250685)	(5.0, 1.7328840647687942)	(6.0, 1.5404708776926155)	(7.0, 1.220648278817581)	(8.0, 0.9862691726742996)	(9.0, 0.8935171019546005)	('>10', 3.8196351200137637)	('>50', 0.3786493414376391)	('>100', 0.029984298629815366)	('>500', 0.0)	('>1k', 0.0)	('>5k', 0.0)	('>10k+', 0.0)
WZP-1_S32_R1_001	(1.0, 76.13772478097488)	(2.0, 10.493074642307505)	(3.0, 3.088632823097407)	(4.0, 1.9772587836152027)	(5.0, 1.516337243961173)	(6.0, 1.2276016961406777)	(7.0, 0.9070741397875763)	(8.0, 0.7278758613508741)	(9.0, 0.5670856938484263)	('>10', 2.552316084882489)	('>50', 0.5461534311924304)	('>100', 0.25886481884123036)	('>500', 0.0)	('>1k', 0.0)	('>5k', 0.0)	('>10k+', 0.0)
WZP-1_S32_R2_001	(1.0, 78.76656136738698)	(2.0, 9.266491969745669)	(3.0, 2.8724911106827897)	(4.0, 1.7952472742724217)	(5.0, 1.3115277880406897)	(6.0, 1.0857273446061144)	(7.0, 0.8385666047725945)	(8.0, 0.6591283948990345)	(9.0, 0.48489508275659604)	('>10', 2.1845841599329767)	('>50', 0.5089513887685134)	('>100', 0.22582751413553373)	('>500', 0.0)	('>1k', 0.0)	('>5k', 0.0)	('>10k+', 0.0)
WZP-2_S33_R1_001	(1.0, 74.29017167482539)	(2.0, 10.131554878162397)	(3.0, 3.3275169789550008)	(4.0, 2.154847148341166)	(5.0, 1.7257275771333704)	(6.0, 1.391620607856004)	(7.0, 1.1292197098129615)	(8.0, 0.9250675424188683)	(9.0, 0.7470196061843255)	('>10', 3.8224032933321177)	('>50', 0.3355932627730638)	('>100', 0.019257720205299884)	('>500', 0.0)	('>1k', 0.0)	('>5k', 0.0)	('>10k+', 0.0)
WZP-2_S33_R2_001	(1.0, 76.34677385527296)	(2.0, 9.486747215852102)	(3.0, 3.0604590685698327)	(4.0, 2.0179768570881595)	(5.0, 1.6072650984986983)	(6.0, 1.272499679784997)	(7.0, 1.0227310542454935)	(8.0, 0.918268066715088)	(9.0, 0.7052013366520292)	('>10', 3.2523552601242596)	('>50', 0.29465611089316956)	('>100', 0.015066396303247066)	('>500', 0.0)	('>1k', 0.0)	('>5k', 0.0)	('>10k+', 0.0)
WZP-3_S34_R1_001	(1.0, 77.69238958974606)	(2.0, 10.903842711972935)	(3.0, 3.118446845767409)	(4.0, 1.6971815982409284)	(5.0, 1.17827914248852)	(6.0, 0.8634715010475901)	(7.0, 0.6076472764944605)	(8.0, 0.4488898992432313)	(9.0, 0.382931871195125)	('>10', 2.159277875784472)	('>50', 0.6841076676389053)	('>100', 0.26353402038038143)	('>500', 0.0)	('>1k', 0.0)	('>5k', 0.0)	('>10k+', 0.0)
WZP-3_S34_R2_001	(1.0, 79.94848336955526)	(2.0, 9.69502510791851)	(3.0, 2.8710695671036777)	(4.0, 1.6284091692112337)	(5.0, 1.0486803050661193)	(6.0, 0.7162247734317547)	(7.0, 0.5257509257268129)	(8.0, 0.42055371858069)	(9.0, 0.31069072401059816)	('>10', 1.9701758052756795)	('>50', 0.6374069017058354)	('>100', 0.22752963241387966)	('>500', 0.0)	('>1k', 0.0)	('>5k', 0.0)	('>10k+', 0.0)
WZP-4_S35_R1_001	(1.0, 74.57568673659482)	(2.0, 10.76276498711256)	(3.0, 3.451224014281678)	(4.0, 2.2197561213549313)	(5.0, 1.7471513248953443)	(6.0, 1.4321956293894074)	(7.0, 1.1595416990408498)	(8.0, 0.9174327080276301)	(9.0, 0.7504590535777217)	('>10', 2.7490790978366832)	('>50', 0.21504341715797054)	('>100', 0.019665210730420647)	('>500', 0.0)	('>1k', 0.0)	('>5k', 0.0)	('>10k+', 0.0)
WZP-4_S35_R2_001	(1.0, 76.80618090449491)	(2.0, 9.87496111502669)	(3.0, 3.158607443046529)	(4.0, 2.172303596829657)	(5.0, 1.5808412197659918)	(6.0, 1.3077279572864495)	(7.0, 1.0742281699770035)	(8.0, 0.8122099806554002)	(9.0, 0.608753505363465)	('>10', 2.3811554326721036)	('>50', 0.2052364496325433)	('>100', 0.017794225249287487)	('>500', 0.0)	('>1k', 0.0)	('>5k', 0.0)	('>10k+', 0.0)
WZP-5_S36_R1_001	(1.0, 78.92923226499015)	(2.0, 11.128780052231066)	(3.0, 3.299961792361556)	(4.0, 1.805539515588515)	(5.0, 1.2194786522800958)	(6.0, 0.7540006617643207)	(7.0, 0.49088988974171405)	(8.0, 0.36795253834828495)	(9.0, 0.2195095635712662)	('>10', 1.4018647395780315)	('>50', 0.3576404500788974)	('>100', 0.025149879466130808)	('>500', 0.0)	('>1k', 0.0)	('>5k', 0.0)	('>10k+', 0.0)
WZP-5_S36_R2_001	(1.0, 81.63093628426232)	(2.0, 9.890180218521415)	(3.0, 2.789935051749501)	(4.0, 1.584378677234701)	(5.0, 0.9861745987426802)	(6.0, 0.6780575585998987)	(7.0, 0.4064452489238174)	(8.0, 0.2760133766114201)	(9.0, 0.18363470474293964)	('>10', 1.2210829221399992)	('>50', 0.330240305232771)	('>100', 0.022921053238428878)	('>500', 0.0)	('>1k', 0.0)	('>5k', 0.0)	('>10k+', 0.0)
WZP-6_S37_R1_001	(1.0, 72.60299075910319)	(2.0, 9.384054435470873)	(3.0, 3.2958559564011267)	(4.0, 2.5481528640588755)	(5.0, 2.326014148141204)	(6.0, 1.9578884685726883)	(7.0, 1.6427759369837)	(8.0, 1.3578111780337476)	(9.0, 1.05509520410954)	('>10', 3.613709345045398)	('>50', 0.19691019319682707)	('>100', 0.018741510882800055)	('>500', 0.0)	('>1k', 0.0)	('>5k', 0.0)	('>10k+', 0.0)
WZP-6_S37_R2_001	(1.0, 75.08091715013619)	(2.0, 8.655880495686477)	(3.0, 3.1190090081852926)	(4.0, 2.45975675442916)	(5.0, 2.129869968100586)	(6.0, 1.8307805772436871)	(7.0, 1.4609327755256358)	(8.0, 1.130041033797374)	(9.0, 0.8447645531560388)	('>10', 3.0689011662385037)	('>50', 0.20226622097534022)	('>100', 0.016880296525707147)	('>500', 0.0)	('>1k', 0.0)	('>5k', 0.0)	('>10k+', 0.0)
WZP-7_S38_R1_001	(1.0, 73.87687514772894)	(2.0, 9.430760303739541)	(3.0, 3.187698203201589)	(4.0, 2.3918456394439955)	(5.0, 2.1062148567180707)	(6.0, 1.844632407016031)	(7.0, 1.5350376128337597)	(8.0, 1.202454623654923)	(9.0, 0.9442364467195525)	('>10', 3.275813723690741)	('>50', 0.19205089637738335)	('>100', 0.012380138875463657)	('>500', 0.0)	('>1k', 0.0)	('>5k', 0.0)	('>10k+', 0.0)
WZP-7_S38_R2_001	(1.0, 76.0135879423065)	(2.0, 8.80124048210322)	(3.0, 3.027788495410227)	(4.0, 2.2912583143819485)	(5.0, 2.0282851554704413)	(6.0, 1.6981639708583252)	(7.0, 1.3174442599757326)	(8.0, 1.0585572086314288)	(9.0, 0.8150583754850671)	('>10', 2.758444451035209)	('>50', 0.18098248918301565)	('>100', 0.00918885515882357)	('>500', 0.0)	('>1k', 0.0)	('>5k', 0.0)	('>10k+', 0.0)
WZP-8_S39_R1_001	(1.0, 73.03095283314558)	(2.0, 10.643909032700858)	(3.0, 3.258331035213)	(4.0, 2.0529856305331653)	(5.0, 1.720901193260562)	(6.0, 1.4554140079784617)	(7.0, 1.1871714145922216)	(8.0, 1.0301687336260483)	(9.0, 0.8813276617641712)	('>10', 4.308386955604722)	('>50', 0.3888853999888189)	('>100', 0.041566101592354306)	('>500', 0.0)	('>1k', 0.0)	('>5k', 0.0)	('>10k+', 0.0)
WZP-8_S39_R2_001	(1.0, 75.2853053294611)	(2.0, 9.720665807408881)	(3.0, 3.081306676513036)	(4.0, 1.918061659758354)	(5.0, 1.6347829302467074)	(6.0, 1.3597771230063596)	(7.0, 1.1418547495435967)	(8.0, 0.947973935227271)	(9.0, 0.7456867865203611)	('>10', 3.7411990178885928)	('>50', 0.3925958905877974)	('>100', 0.030790093837931257)	('>500', 0.0)	('>1k', 0.0)	('>5k', 0.0)	('>10k+', 0.0)
WZP-9_S40_R1_001	(1.0, 75.85999683837444)	(2.0, 10.604304789144855)	(3.0, 2.965730684140674)	(4.0, 1.8704864877728495)	(5.0, 1.5469032670101035)	(6.0, 1.2197260815418243)	(7.0, 1.0467000176645826)	(8.0, 0.857624676400832)	(9.0, 0.7245370702848646)	('>10', 2.795620985817936)	('>50', 0.3705270054190727)	('>100', 0.13784209642791234)	('>500', 0.0)	('>1k', 0.0)	('>5k', 0.0)	('>10k+', 0.0)
WZP-9_S40_R2_001	(1.0, 78.43035557778187)	(2.0, 9.427232795094826)	(3.0, 2.7625073926449004)	(4.0, 1.7988776703382552)	(5.0, 1.3974427974819195)	(6.0, 1.1434368337648084)	(7.0, 0.8983221226762695)	(8.0, 0.7372071987243446)	(9.0, 0.6241065222815052)	('>10', 2.3357884460402105)	('>50', 0.30973415727983056)	('>100', 0.13498848589114168)	('>500', 0.0)	('>1k', 0.0)	('>5k', 0.0)	('>10k+', 0.0)
