.	Basic Statistics	Per Base Sequence Quality	Per Tile Sequence Quality	Per Sequence Quality Scores	Per Base Sequence Content	Per Sequence GC Content	Per Base N Content	Sequence Length Distribution	Sequence Duplication Levels	Overrepresented Sequences	Adapter Content
CZP-1_S3_R1_001	1	0.25	0.25	1	1	0.5	0.25	0.5	1	1	1
CZP-1_S3_R2_001	1	0.25	0.25	1	1	0.5	0.25	0.5	1	1	1
CZP-2_S4_R1_001	1	0.25	0.25	1	1	0.5	0.25	0.5	1	1	1
CZP-2_S4_R2_001	1	0.25	0.25	1	1	0.5	0.25	0.5	1	1	1
ELP-1_S49_R1_001	1	0.25	0.25	1	1	1	0.25	0.5	1	1	1
ELP-1_S49_R2_001	1	0.25	0.25	1	1	1	0.25	0.5	1	1	1
FRUpstream-1_S1_R1_001	1	0.25	0.25	1	1	1	0.25	0.5	1	1	1
FRUpstream-1_S1_R2_001	1	0.25	0.25	1	1	1	0.25	0.5	1	1	1
FRUpstream-2_S2_R1_001	1	0.25	0.25	1	1	1	0.25	0.5	1	1	1
FRUpstream-2_S2_R2_001	1	0.25	0.25	1	1	1	0.25	0.5	1	1	1
FZP-1_S50_R1_001	1	0.25	0.25	1	1	1	0.25	0.5	1	1	1
FZP-1_S50_R2_001	1	0.25	0.25	1	1	1	0.25	0.5	1	1	1
FZP-2_S51_R1_001	1	0.25	0.25	1	1	1	0.25	0.5	1	1	1
FZP-2_S51_R2_001	1	0.25	0.25	1	1	1	0.25	0.5	1	1	1
FZP-3_S52_R1_001	1	0.25	0.25	1	1	0.5	0.25	0.5	1	1	1
FZP-3_S52_R2_001	1	0.25	0.25	1	1	0.5	0.25	0.5	1	1	1
HFP-1_S53_R1_001	1	0.25	0.25	1	0.5	0.5	0.25	0.5	1	1	1
HFP-1_S53_R2_001	1	0.25	0.25	1	0.5	0.5	0.25	0.5	1	1	1
KTP-10_S22_R1_001	1	0.25	0.25	1	0.5	0.5	0.25	0.5	1	1	1
KTP-10_S22_R2_001	1	0.25	0.25	1	1	0.5	0.25	0.5	1	1	1
KTP-11_S23_R1_001	1	0.25	0.25	1	0.5	0.25	0.25	0.5	1	1	1
KTP-11_S23_R2_001	1	0.25	0.25	1	0.5	0.25	0.25	0.5	1	1	1
KTP-12_S24_R1_001	1	0.25	0.25	1	0.5	0.5	0.25	0.5	1	1	1
KTP-12_S24_R2_001	1	0.25	0.25	1	1	0.5	0.25	0.5	1	1	1
KTP-13_S25_R1_001	1	0.25	0.25	1	1	0.5	0.25	0.5	1	1	1
KTP-13_S25_R2_001	1	0.25	0.25	1	1	0.5	0.25	0.5	1	1	1
KTP-14_S26_R1_001	1	0.25	0.25	1	1	0.5	0.25	0.5	1	1	1
KTP-14_S26_R2_001	1	0.25	0.25	1	1	0.5	0.25	0.5	1	1	1
KTP-15_S27_R1_001	1	0.25	0.25	1	1	0.5	0.25	0.5	1	1	1
KTP-15_S27_R2_001	1	0.25	0.25	1	1	0.5	0.25	0.5	1	1	1
KTP-16_S28_R1_001	1	0.25	0.25	1	1	0.5	0.25	0.5	1	1	1
KTP-16_S28_R2_001	1	0.25	0.25	1	1	0.5	0.25	0.5	1	1	1
KTP-17_S29_R1_001	1	0.25	0.25	1	0.5	0.5	0.25	0.5	1	1	1
KTP-17_S29_R2_001	1	0.25	0.25	1	1	0.5	0.25	0.5	1	1	1
KTP-18_S30_R1_001	1	0.25	0.25	1	0.5	1	0.25	0.5	1	1	1
KTP-18_S30_R2_001	1	0.25	0.25	1	1	1	0.25	0.5	1	1	1
KTP-19_S31_R1_001	1	0.25	0.25	1	1	1	0.25	0.5	1	1	1
KTP-19_S31_R2_001	1	0.25	0.25	1	1	1	0.25	0.5	1	1	1
KTP-1_S13_R1_001	1	0.25	0.25	1	1	0.25	0.25	0.5	1	1	1
KTP-1_S13_R2_001	1	0.25	0.25	1	1	0.25	0.25	0.5	1	1	1
KTP-2_S14_R1_001	1	0.25	0.25	1	1	1	0.25	0.5	1	1	1
KTP-2_S14_R2_001	1	0.25	0.25	1	1	1	0.25	0.5	1	1	1
KTP-3_S15_R1_001	1	0.25	0.25	1	1	0.5	0.25	0.5	1	1	1
KTP-3_S15_R2_001	1	0.25	0.25	1	1	0.25	0.25	0.5	1	1	1
KTP-4_S16_R1_001	1	0.25	0.25	1	1	0.5	0.25	0.5	1	1	1
KTP-4_S16_R2_001	1	0.25	0.25	1	1	0.5	0.25	0.5	1	1	1
KTP-5_S17_R1_001	1	0.25	0.25	1	1	0.5	0.25	0.5	1	1	1
KTP-5_S17_R2_001	1	0.25	0.25	1	1	0.5	0.25	0.5	1	1	1
KTP-6_S18_R1_001	1	0.25	0.25	1	1	0.5	0.25	0.5	1	1	1
KTP-6_S18_R2_001	1	0.25	0.25	1	1	0.5	0.25	0.5	1	1	1
KTP-7_S19_R1_001	1	0.25	0.25	1	1	0.25	0.25	0.5	1	1	1
KTP-7_S19_R2_001	1	0.25	0.25	1	1	0.25	0.25	0.5	1	1	1
KTP-8_S20_R1_001	1	0.25	0.25	1	1	0.5	0.25	0.5	1	1	1
KTP-8_S20_R2_001	1	0.25	0.25	1	1	0.5	0.25	0.5	1	1	1
KTP-9_S21_R1_001	1	0.25	0.25	1	0.5	0.25	0.25	0.5	1	1	1
KTP-9_S21_R2_001	1	0.25	0.25	1	1	0.25	0.25	0.5	1	1	1
STP-1_S46_R1_001	1	0.25	0.25	1	0.5	1	0.25	0.5	1	1	1
STP-1_S46_R2_001	1	0.25	0.25	1	0.5	1	0.25	0.5	1	1	1
STP-2_S47_R1_001	1	0.25	0.25	1	0.5	0.5	0.25	0.5	1	1	1
STP-2_S47_R2_001	1	0.25	0.25	1	1	0.5	0.25	0.5	1	1	1
STP-3_S48_R1_001	1	0.25	0.25	1	1	0.5	0.25	0.5	1	1	1
STP-3_S48_R2_001	1	0.25	0.25	1	1	0.5	0.25	0.5	1	1	1
WBP-1_S5_R1_001	1	0.25	0.25	1	1	0.5	0.25	0.5	1	1	1
WBP-1_S5_R2_001	1	0.25	0.25	1	1	0.5	0.25	0.5	1	1	1
WBP-2_S6_R1_001	1	0.25	0.25	1	1	1	0.25	0.5	1	1	1
WBP-2_S6_R2_001	1	0.25	0.25	1	1	1	0.25	0.5	1	1	1
WBP-3_S7_R1_001	1	0.25	0.25	1	1	1	0.25	0.5	1	1	1
WBP-3_S7_R2_001	1	0.25	0.25	1	1	1	0.25	0.5	1	1	1
WBP-4_S8_R1_001	1	0.25	0.25	1	1	1	0.25	0.5	1	1	1
WBP-4_S8_R2_001	1	0.25	0.25	1	1	1	0.25	0.5	1	1	1
WBP-5_S9_R1_001	1	0.25	0.25	1	1	1	0.25	0.5	1	1	1
WBP-5_S9_R2_001	1	0.25	0.25	1	1	1	0.25	0.5	1	1	1
WBP-6_S10_R1_001	1	0.25	0.25	1	1	1	0.25	0.5	1	1	1
WBP-6_S10_R2_001	1	0.25	0.25	1	1	1	0.25	0.5	1	1	1
WBP-7_S11_R1_001	1	0.25	0.25	1	1	1	0.25	0.5	1	1	1
WBP-7_S11_R2_001	1	0.25	0.25	1	1	1	0.25	0.5	1	1	1
WBP-8_S12_R1_001	1	0.25	0.25	1	1	1	0.25	0.5	1	1	1
WBP-8_S12_R2_001	1	0.25	0.25	1	1	1	0.25	0.5	1	1	1
WZP-10_S41_R1_001	1	0.25	0.25	1	1	1	0.25	0.5	1	1	1
WZP-10_S41_R2_001	1	0.25	0.25	1	1	1	0.25	0.5	1	1	1
WZP-11_S42_R1_001	1	0.25	0.25	1	1	1	0.25	0.5	1	1	1
WZP-11_S42_R2_001	1	0.25	0.25	1	1	1	0.25	0.5	1	1	1
WZP-12_S43_R1_001	1	0.25	0.25	1	1	1	0.25	0.5	1	1	1
WZP-12_S43_R2_001	1	0.25	0.25	1	1	1	0.25	0.5	1	1	1
WZP-13_S44_R1_001	1	0.25	0.25	1	1	0.5	0.25	0.5	1	1	1
WZP-13_S44_R2_001	1	0.25	0.25	1	1	0.5	0.25	0.5	1	1	1
WZP-14_S45_R1_001	1	0.25	0.25	1	1	1	0.25	0.5	1	1	1
WZP-14_S45_R2_001	1	0.25	0.25	1	1	1	0.25	0.5	1	1	1
WZP-1_S32_R1_001	1	0.25	0.25	1	1	1	0.25	0.5	1	1	1
WZP-1_S32_R2_001	1	0.25	0.25	1	1	1	0.25	0.5	1	1	1
WZP-2_S33_R1_001	1	0.25	0.25	1	0.5	0.5	0.25	0.5	1	1	1
WZP-2_S33_R2_001	1	0.25	0.25	1	1	0.5	0.25	0.5	1	1	1
WZP-3_S34_R1_001	1	0.25	0.25	1	1	0.5	0.25	0.5	1	1	1
WZP-3_S34_R2_001	1	0.25	0.25	1	1	0.5	0.25	0.5	1	1	1
WZP-4_S35_R1_001	1	0.25	0.25	1	0.5	0.5	0.25	0.5	1	1	1
WZP-4_S35_R2_001	1	0.25	0.25	1	1	0.5	0.25	0.5	1	1	1
WZP-5_S36_R1_001	1	0.25	0.25	1	1	1	0.25	0.5	1	1	1
WZP-5_S36_R2_001	1	0.25	0.25	1	1	1	0.25	0.5	1	1	1
WZP-6_S37_R1_001	1	0.25	0.25	1	1	1	0.25	0.5	1	1	1
WZP-6_S37_R2_001	1	0.25	0.25	1	1	1	0.25	0.5	1	1	1
WZP-7_S38_R1_001	1	0.25	0.25	1	1	0.5	0.25	0.5	1	1	1
WZP-7_S38_R2_001	1	0.25	0.25	1	1	0.5	0.25	0.5	1	1	1
WZP-8_S39_R1_001	1	0.25	0.25	1	1	0.5	0.25	0.5	1	1	1
WZP-8_S39_R2_001	1	0.25	0.25	1	1	0.5	0.25	0.5	1	1	1
WZP-9_S40_R1_001	1	0.25	0.25	1	1	0.5	0.25	0.5	1	1	1
WZP-9_S40_R2_001	1	0.25	0.25	1	1	0.5	0.25	0.5	1	1	1
