Sample	0	1	2	3	4	5	6	7	8	9	10	11	12	13	14	15	16	17	18	19	20	21	22	23	24	25	26	27	28	29	30
CZP-1_S3_R1_001	(0, 331.0)	(5, 364.0)	(10, 339.0)	(15, 343.0)	(20, 425.0)	(25, 521.0)	(30, 14447.0)	(35, 17347.0)	(40, 17008.0)	(45, 16846.0)	(50, 17713.0)	(55, 18555.0)	(60, 19549.0)	(65, 20957.0)	(70, 22522.0)	(75, 24078.0)	(80, 26437.0)	(85, 28785.0)	(90, 31116.0)	(95, 33749.0)	(100, 36681.0)	(105, 40639.0)	(110, 44556.0)	(115, 49866.0)	(120, 54147.0)	(125, 59085.0)	(130, 66389.0)	(135, 74731.0)	(140, 112540.0)	(145, 131386.0)	(150, 18576376.0)
CZP-1_S3_R2_001	(0, 347.0)	(5, 412.0)	(10, 444.0)	(15, 531.0)	(20, 698.0)	(25, 952.0)	(30, 14624.0)	(35, 17393.0)	(40, 17087.0)	(45, 16910.0)	(50, 17793.0)	(55, 18633.0)	(60, 19646.0)	(65, 21054.0)	(70, 22635.0)	(75, 24199.0)	(80, 26507.0)	(85, 28832.0)	(90, 31137.0)	(95, 33745.0)	(100, 36699.0)	(105, 40627.0)	(110, 44573.0)	(115, 50070.0)	(120, 54014.0)	(125, 58997.0)	(130, 66084.0)	(135, 74324.0)	(140, 108946.0)	(145, 126968.0)	(150, 18582947.0)
CZP-2_S4_R1_001	(0, 776.0)	(5, 924.0)	(10, 951.0)	(15, 991.0)	(20, 1171.0)	(25, 1493.0)	(30, 32443.0)	(35, 40370.0)	(40, 41302.0)	(45, 43521.0)	(50, 48376.0)	(55, 54172.0)	(60, 60271.0)	(65, 68108.0)	(70, 76162.0)	(75, 84751.0)	(80, 93417.0)	(85, 102412.0)	(90, 110856.0)	(95, 121318.0)	(100, 129857.0)	(105, 139990.0)	(110, 153127.0)	(115, 171135.0)	(120, 180524.0)	(125, 198460.0)	(130, 219093.0)	(135, 243658.0)	(140, 342176.0)	(145, 391548.0)	(150, 45919386.0)
CZP-2_S4_R2_001	(0, 848.0)	(5, 992.0)	(10, 1064.0)	(15, 1289.0)	(20, 1732.0)	(25, 2612.0)	(30, 32828.0)	(35, 40517.0)	(40, 41444.0)	(45, 43755.0)	(50, 48406.0)	(55, 54445.0)	(60, 60379.0)	(65, 68311.0)	(70, 76224.0)	(75, 84874.0)	(80, 93486.0)	(85, 102456.0)	(90, 110986.0)	(95, 121186.0)	(100, 129682.0)	(105, 139844.0)	(110, 152857.0)	(115, 171082.0)	(120, 180092.0)	(125, 197724.0)	(130, 218188.0)	(135, 242459.0)	(140, 331992.0)	(145, 380334.0)	(150, 45940651.0)
ELP-1_S49_R1_001	(0, 661.0)	(5, 801.0)	(10, 826.0)	(15, 867.0)	(20, 928.0)	(25, 1038.0)	(30, 27196.0)	(35, 33428.0)	(40, 33125.0)	(45, 33902.0)	(50, 35887.0)	(55, 39280.0)	(60, 42839.0)	(65, 46779.0)	(70, 50656.0)	(75, 55397.0)	(80, 60441.0)	(85, 65556.0)	(90, 70130.0)	(95, 76150.0)	(100, 81533.0)	(105, 88119.0)	(110, 94715.0)	(115, 105645.0)	(120, 110607.0)	(125, 119853.0)	(130, 131249.0)	(135, 144226.0)	(140, 212090.0)	(145, 238898.0)	(150, 35945648.0)
ELP-1_S49_R2_001	(0, 626.0)	(5, 809.0)	(10, 919.0)	(15, 1049.0)	(20, 1479.0)	(25, 2023.0)	(30, 27561.0)	(35, 33574.0)	(40, 33262.0)	(45, 34094.0)	(50, 36054.0)	(55, 39475.0)	(60, 42975.0)	(65, 47019.0)	(70, 50792.0)	(75, 55562.0)	(80, 60567.0)	(85, 65666.0)	(90, 70282.0)	(95, 76256.0)	(100, 81571.0)	(105, 88158.0)	(110, 94916.0)	(115, 105904.0)	(120, 110574.0)	(125, 119584.0)	(130, 130885.0)	(135, 143595.0)	(140, 206930.0)	(145, 231342.0)	(150, 35954967.0)
FRUpstream-1_S1_R1_001	(0, 85.0)	(5, 116.0)	(10, 117.0)	(15, 124.0)	(20, 153.0)	(25, 153.0)	(30, 5476.0)	(35, 6350.0)	(40, 6198.0)	(45, 5794.0)	(50, 5852.0)	(55, 5722.0)	(60, 5926.0)	(65, 5769.0)	(70, 5773.0)	(75, 5536.0)	(80, 5485.0)	(85, 5497.0)	(90, 5148.0)	(95, 5259.0)	(100, 5090.0)	(105, 5135.0)	(110, 5106.0)	(115, 5199.0)	(120, 5391.0)	(125, 5718.0)	(130, 5931.0)	(135, 6402.0)	(140, 14852.0)	(145, 18356.0)	(150, 5388279.0)
FRUpstream-1_S1_R2_001	(0, 81.0)	(5, 108.0)	(10, 123.0)	(15, 142.0)	(20, 203.0)	(25, 277.0)	(30, 5516.0)	(35, 6389.0)	(40, 6235.0)	(45, 5796.0)	(50, 5853.0)	(55, 5733.0)	(60, 5928.0)	(65, 5819.0)	(70, 5791.0)	(75, 5549.0)	(80, 5511.0)	(85, 5520.0)	(90, 5177.0)	(95, 5242.0)	(100, 5087.0)	(105, 5152.0)	(110, 5087.0)	(115, 5232.0)	(120, 5512.0)	(125, 5750.0)	(130, 5906.0)	(135, 6413.0)	(140, 14510.0)	(145, 17405.0)	(150, 5388945.0)
FRUpstream-2_S2_R1_001	(0, 83.0)	(5, 97.0)	(10, 121.0)	(15, 98.0)	(20, 123.0)	(25, 99.0)	(30, 4796.0)	(35, 5679.0)	(40, 5527.0)	(45, 5371.0)	(50, 5639.0)	(55, 5404.0)	(60, 5251.0)	(65, 5252.0)	(70, 5215.0)	(75, 5241.0)	(80, 5071.0)	(85, 4874.0)	(90, 4836.0)	(95, 4725.0)	(100, 4658.0)	(105, 4587.0)	(110, 4566.0)	(115, 4525.0)	(120, 4878.0)	(125, 5027.0)	(130, 4773.0)	(135, 5181.0)	(140, 12225.0)	(145, 14910.0)	(150, 4646693.0)
FRUpstream-2_S2_R2_001	(0, 74.0)	(5, 106.0)	(10, 101.0)	(15, 120.0)	(20, 179.0)	(25, 196.0)	(30, 4822.0)	(35, 5700.0)	(40, 5543.0)	(45, 5370.0)	(50, 5672.0)	(55, 5430.0)	(60, 5261.0)	(65, 5252.0)	(70, 5216.0)	(75, 5237.0)	(80, 5080.0)	(85, 4900.0)	(90, 4839.0)	(95, 4719.0)	(100, 4659.0)	(105, 4639.0)	(110, 4577.0)	(115, 4534.0)	(120, 4854.0)	(125, 5057.0)	(130, 4796.0)	(135, 5177.0)	(140, 11676.0)	(145, 13952.0)	(150, 4647787.0)
FZP-1_S50_R1_001	(0, 243.0)	(5, 343.0)	(10, 386.0)	(15, 370.0)	(20, 418.0)	(25, 432.0)	(30, 10405.0)	(35, 12812.0)	(40, 13146.0)	(45, 13381.0)	(50, 14554.0)	(55, 15472.0)	(60, 16409.0)	(65, 17921.0)	(70, 19198.0)	(75, 20922.0)	(80, 22677.0)	(85, 24065.0)	(90, 25946.0)	(95, 28008.0)	(100, 30686.0)	(105, 33380.0)	(110, 37594.0)	(115, 43370.0)	(120, 47281.0)	(125, 54095.0)	(130, 63921.0)	(135, 74524.0)	(140, 109918.0)	(145, 126085.0)	(150, 16046540.0)
FZP-1_S50_R2_001	(0, 276.0)	(5, 352.0)	(10, 400.0)	(15, 443.0)	(20, 672.0)	(25, 898.0)	(30, 10539.0)	(35, 12888.0)	(40, 13237.0)	(45, 13409.0)	(50, 14666.0)	(55, 15542.0)	(60, 16515.0)	(65, 18011.0)	(70, 19304.0)	(75, 20983.0)	(80, 22752.0)	(85, 24159.0)	(90, 26061.0)	(95, 28065.0)	(100, 30717.0)	(105, 33337.0)	(110, 37682.0)	(115, 43530.0)	(120, 47255.0)	(125, 54003.0)	(130, 63624.0)	(135, 74211.0)	(140, 107897.0)	(145, 122354.0)	(150, 16050720.0)
FZP-2_S51_R1_001	(0, 254.0)	(5, 280.0)	(10, 303.0)	(15, 315.0)	(20, 334.0)	(25, 511.0)	(30, 11970.0)	(35, 15573.0)	(40, 17271.0)	(45, 18358.0)	(50, 21037.0)	(55, 23198.0)	(60, 26370.0)	(65, 29250.0)	(70, 32138.0)	(75, 35824.0)	(80, 38618.0)	(85, 42060.0)	(90, 45271.0)	(95, 48486.0)	(100, 51698.0)	(105, 55706.0)	(110, 60462.0)	(115, 65761.0)	(120, 70237.0)	(125, 77393.0)	(130, 84368.0)	(135, 92133.0)	(140, 120024.0)	(145, 132208.0)	(150, 12208702.0)
FZP-2_S51_R2_001	(0, 212.0)	(5, 289.0)	(10, 290.0)	(15, 329.0)	(20, 503.0)	(25, 828.0)	(30, 12058.0)	(35, 15624.0)	(40, 17366.0)	(45, 18326.0)	(50, 21078.0)	(55, 23276.0)	(60, 26385.0)	(65, 29322.0)	(70, 32209.0)	(75, 35841.0)	(80, 38652.0)	(85, 42030.0)	(90, 45297.0)	(95, 48372.0)	(100, 51567.0)	(105, 55587.0)	(110, 60292.0)	(115, 65608.0)	(120, 70039.0)	(125, 77126.0)	(130, 83955.0)	(135, 91559.0)	(140, 117640.0)	(145, 129200.0)	(150, 12215253.0)
FZP-3_S52_R1_001	(0, 210.0)	(5, 254.0)	(10, 281.0)	(15, 254.0)	(20, 310.0)	(25, 542.0)	(30, 9598.0)	(35, 13116.0)	(40, 14430.0)	(45, 16824.0)	(50, 19577.0)	(55, 22784.0)	(60, 25785.0)	(65, 28992.0)	(70, 32702.0)	(75, 36403.0)	(80, 40136.0)	(85, 43174.0)	(90, 46376.0)	(95, 49120.0)	(100, 53271.0)	(105, 56799.0)	(110, 60725.0)	(115, 66058.0)	(120, 69616.0)	(125, 75251.0)	(130, 81421.0)	(135, 87110.0)	(140, 111572.0)	(145, 122916.0)	(150, 11259271.0)
FZP-3_S52_R2_001	(0, 209.0)	(5, 263.0)	(10, 334.0)	(15, 332.0)	(20, 507.0)	(25, 823.0)	(30, 9717.0)	(35, 13208.0)	(40, 14460.0)	(45, 16837.0)	(50, 19629.0)	(55, 22820.0)	(60, 25810.0)	(65, 29027.0)	(70, 32753.0)	(75, 36373.0)	(80, 40145.0)	(85, 43180.0)	(90, 46274.0)	(95, 49052.0)	(100, 53149.0)	(105, 56675.0)	(110, 60606.0)	(115, 66022.0)	(120, 69342.0)	(125, 74950.0)	(130, 80980.0)	(135, 86656.0)	(140, 108873.0)	(145, 120200.0)	(150, 11265672.0)
HFP-1_S53_R1_001	(0, 163.0)	(5, 211.0)	(10, 236.0)	(15, 236.0)	(20, 256.0)	(25, 379.0)	(30, 9056.0)	(35, 11747.0)	(40, 12432.0)	(45, 13270.0)	(50, 15337.0)	(55, 17073.0)	(60, 19215.0)	(65, 21604.0)	(70, 24484.0)	(75, 27700.0)	(80, 30497.0)	(85, 33515.0)	(90, 37745.0)	(95, 41732.0)	(100, 46293.0)	(105, 50690.0)	(110, 56268.0)	(115, 63481.0)	(120, 68899.0)	(125, 76592.0)	(130, 85413.0)	(135, 95983.0)	(140, 120219.0)	(145, 134388.0)	(150, 10590702.0)
HFP-1_S53_R2_001	(0, 182.0)	(5, 223.0)	(10, 253.0)	(15, 290.0)	(20, 426.0)	(25, 677.0)	(30, 9166.0)	(35, 11773.0)	(40, 12500.0)	(45, 13307.0)	(50, 15397.0)	(55, 17088.0)	(60, 19257.0)	(65, 21610.0)	(70, 24565.0)	(75, 27700.0)	(80, 30499.0)	(85, 33537.0)	(90, 37757.0)	(95, 41607.0)	(100, 46274.0)	(105, 50621.0)	(110, 56142.0)	(115, 63375.0)	(120, 68709.0)	(125, 76334.0)	(130, 85067.0)	(135, 95413.0)	(140, 117913.0)	(145, 131147.0)	(150, 10597007.0)
KTP-10_S22_R1_001	(0, 539.0)	(5, 616.0)	(10, 673.0)	(15, 705.0)	(20, 757.0)	(25, 849.0)	(30, 25172.0)	(35, 30659.0)	(40, 29818.0)	(45, 29875.0)	(50, 30803.0)	(55, 31857.0)	(60, 33531.0)	(65, 34944.0)	(70, 36836.0)	(75, 39037.0)	(80, 41065.0)	(85, 43386.0)	(90, 45938.0)	(95, 48917.0)	(100, 52826.0)	(105, 56328.0)	(110, 61058.0)	(115, 68599.0)	(120, 71235.0)	(125, 78794.0)	(130, 87658.0)	(135, 97402.0)	(140, 153246.0)	(145, 177861.0)	(150, 31358149.0)
KTP-10_S22_R2_001	(0, 576.0)	(5, 726.0)	(10, 749.0)	(15, 893.0)	(20, 1393.0)	(25, 1937.0)	(30, 25485.0)	(35, 30765.0)	(40, 29890.0)	(45, 30093.0)	(50, 31035.0)	(55, 32055.0)	(60, 33764.0)	(65, 35137.0)	(70, 37016.0)	(75, 39187.0)	(80, 41262.0)	(85, 43630.0)	(90, 46099.0)	(95, 49003.0)	(100, 52898.0)	(105, 56450.0)	(110, 61268.0)	(115, 68976.0)	(120, 71308.0)	(125, 78757.0)	(130, 87538.0)	(135, 97112.0)	(140, 149555.0)	(145, 169758.0)	(150, 31364818.0)
KTP-11_S23_R1_001	(0, 190.0)	(5, 246.0)	(10, 273.0)	(15, 251.0)	(20, 281.0)	(25, 367.0)	(30, 11645.0)	(35, 14218.0)	(40, 14119.0)	(45, 14165.0)	(50, 14904.0)	(55, 15639.0)	(60, 16422.0)	(65, 17565.0)	(70, 18686.0)	(75, 19734.0)	(80, 20499.0)	(85, 22772.0)	(90, 23700.0)	(95, 25769.0)	(100, 27801.0)	(105, 30584.0)	(110, 32945.0)	(115, 36955.0)	(120, 39128.0)	(125, 43186.0)	(130, 47878.0)	(135, 53487.0)	(140, 77061.0)	(145, 87865.0)	(150, 11965313.0)
KTP-11_S23_R2_001	(0, 173.0)	(5, 227.0)	(10, 283.0)	(15, 353.0)	(20, 512.0)	(25, 767.0)	(30, 11804.0)	(35, 14254.0)	(40, 14162.0)	(45, 14169.0)	(50, 14969.0)	(55, 15710.0)	(60, 16512.0)	(65, 17650.0)	(70, 18748.0)	(75, 19759.0)	(80, 20543.0)	(85, 22877.0)	(90, 23759.0)	(95, 25801.0)	(100, 27778.0)	(105, 30566.0)	(110, 32947.0)	(115, 37051.0)	(120, 39093.0)	(125, 43113.0)	(130, 47707.0)	(135, 53236.0)	(140, 74797.0)	(145, 84393.0)	(150, 11969935.0)
KTP-12_S24_R1_001	(0, 260.0)	(5, 334.0)	(10, 336.0)	(15, 341.0)	(20, 383.0)	(25, 517.0)	(30, 16742.0)	(35, 20934.0)	(40, 20528.0)	(45, 21485.0)	(50, 22908.0)	(55, 24912.0)	(60, 26887.0)	(65, 28773.0)	(70, 31177.0)	(75, 33387.0)	(80, 35402.0)	(85, 38853.0)	(90, 40875.0)	(95, 44053.0)	(100, 46790.0)	(105, 50473.0)	(110, 54578.0)	(115, 60305.0)	(120, 63529.0)	(125, 70021.0)	(130, 76911.0)	(135, 84168.0)	(140, 118567.0)	(145, 134354.0)	(150, 16099785.0)
KTP-12_S24_R2_001	(0, 269.0)	(5, 365.0)	(10, 385.0)	(15, 424.0)	(20, 604.0)	(25, 981.0)	(30, 16870.0)	(35, 20936.0)	(40, 20626.0)	(45, 21593.0)	(50, 22899.0)	(55, 24964.0)	(60, 26895.0)	(65, 28800.0)	(70, 31177.0)	(75, 33394.0)	(80, 35423.0)	(85, 38845.0)	(90, 40957.0)	(95, 44019.0)	(100, 46701.0)	(105, 50492.0)	(110, 54530.0)	(115, 60173.0)	(120, 63412.0)	(125, 69774.0)	(130, 76605.0)	(135, 83769.0)	(140, 115556.0)	(145, 130831.0)	(150, 16106299.0)
KTP-13_S25_R1_001	(0, 208.0)	(5, 273.0)	(10, 282.0)	(15, 324.0)	(20, 342.0)	(25, 426.0)	(30, 9149.0)	(35, 10845.0)	(40, 10552.0)	(45, 10680.0)	(50, 11087.0)	(55, 11996.0)	(60, 13171.0)	(65, 14342.0)	(70, 15804.0)	(75, 16951.0)	(80, 19102.0)	(85, 20324.0)	(90, 21819.0)	(95, 23791.0)	(100, 25747.0)	(105, 28070.0)	(110, 30890.0)	(115, 34954.0)	(120, 37257.0)	(125, 41198.0)	(130, 46514.0)	(135, 51297.0)	(140, 77748.0)	(145, 89798.0)	(150, 14160412.0)
KTP-13_S25_R2_001	(0, 239.0)	(5, 284.0)	(10, 344.0)	(15, 373.0)	(20, 503.0)	(25, 761.0)	(30, 9317.0)	(35, 10925.0)	(40, 10645.0)	(45, 10746.0)	(50, 11194.0)	(55, 12126.0)	(60, 13253.0)	(65, 14417.0)	(70, 15879.0)	(75, 17020.0)	(80, 19166.0)	(85, 20336.0)	(90, 21880.0)	(95, 23812.0)	(100, 25800.0)	(105, 28074.0)	(110, 30952.0)	(115, 34976.0)	(120, 37178.0)	(125, 41106.0)	(130, 46373.0)	(135, 51074.0)	(140, 75461.0)	(145, 85745.0)	(150, 14165394.0)
KTP-14_S26_R1_001	(0, 322.0)	(5, 394.0)	(10, 417.0)	(15, 405.0)	(20, 432.0)	(25, 496.0)	(30, 14621.0)	(35, 17604.0)	(40, 17291.0)	(45, 17180.0)	(50, 17808.0)	(55, 19017.0)	(60, 19666.0)	(65, 20657.0)	(70, 21748.0)	(75, 23195.0)	(80, 25012.0)	(85, 26448.0)	(90, 27581.0)	(95, 30071.0)	(100, 32395.0)	(105, 34320.0)	(110, 37782.0)	(115, 42448.0)	(120, 43886.0)	(125, 48568.0)	(130, 52508.0)	(135, 57747.0)	(140, 89846.0)	(145, 102766.0)	(150, 17283943.0)
KTP-14_S26_R2_001	(0, 319.0)	(5, 361.0)	(10, 464.0)	(15, 491.0)	(20, 650.0)	(25, 902.0)	(30, 14791.0)	(35, 17610.0)	(40, 17347.0)	(45, 17230.0)	(50, 17904.0)	(55, 19138.0)	(60, 19732.0)	(65, 20759.0)	(70, 21887.0)	(75, 23307.0)	(80, 25066.0)	(85, 26579.0)	(90, 27595.0)	(95, 30089.0)	(100, 32430.0)	(105, 34377.0)	(110, 37721.0)	(115, 42431.0)	(120, 43862.0)	(125, 48411.0)	(130, 52324.0)	(135, 57377.0)	(140, 86905.0)	(145, 98682.0)	(150, 17289833.0)
KTP-15_S27_R1_001	(0, 250.0)	(5, 327.0)	(10, 363.0)	(15, 390.0)	(20, 408.0)	(25, 438.0)	(30, 12274.0)	(35, 14758.0)	(40, 14340.0)	(45, 14227.0)	(50, 14814.0)	(55, 15180.0)	(60, 16035.0)	(65, 16835.0)	(70, 17504.0)	(75, 18689.0)	(80, 19373.0)	(85, 20774.0)	(90, 21969.0)	(95, 23630.0)	(100, 25150.0)	(105, 26739.0)	(110, 28754.0)	(115, 32681.0)	(120, 33049.0)	(125, 36161.0)	(130, 39536.0)	(135, 43364.0)	(140, 71388.0)	(145, 82086.0)	(150, 16358666.0)
KTP-15_S27_R2_001	(0, 302.0)	(5, 378.0)	(10, 398.0)	(15, 541.0)	(20, 738.0)	(25, 1054.0)	(30, 12445.0)	(35, 14859.0)	(40, 14409.0)	(45, 14253.0)	(50, 14929.0)	(55, 15282.0)	(60, 16092.0)	(65, 16858.0)	(70, 17576.0)	(75, 18776.0)	(80, 19532.0)	(85, 20864.0)	(90, 22062.0)	(95, 23723.0)	(100, 25209.0)	(105, 26791.0)	(110, 28887.0)	(115, 32867.0)	(120, 33054.0)	(125, 36236.0)	(130, 39514.0)	(135, 43233.0)	(140, 69249.0)	(145, 79271.0)	(150, 16360770.0)
KTP-16_S28_R1_001	(0, 201.0)	(5, 263.0)	(10, 256.0)	(15, 257.0)	(20, 312.0)	(25, 262.0)	(30, 8293.0)	(35, 9946.0)	(40, 9748.0)	(45, 9726.0)	(50, 10014.0)	(55, 10543.0)	(60, 11063.0)	(65, 11556.0)	(70, 12311.0)	(75, 13306.0)	(80, 14400.0)	(85, 15625.0)	(90, 16425.0)	(95, 18156.0)	(100, 19385.0)	(105, 21572.0)	(110, 23261.0)	(115, 26987.0)	(120, 27503.0)	(125, 30621.0)	(130, 33168.0)	(135, 36497.0)	(140, 57862.0)	(145, 68198.0)	(150, 13129893.0)
KTP-16_S28_R2_001	(0, 214.0)	(5, 284.0)	(10, 269.0)	(15, 347.0)	(20, 430.0)	(25, 627.0)	(30, 8403.0)	(35, 10012.0)	(40, 9761.0)	(45, 9812.0)	(50, 10055.0)	(55, 10610.0)	(60, 11083.0)	(65, 11593.0)	(70, 12355.0)	(75, 13340.0)	(80, 14462.0)	(85, 15704.0)	(90, 16499.0)	(95, 18219.0)	(100, 19396.0)	(105, 21550.0)	(110, 23351.0)	(115, 27042.0)	(120, 27478.0)	(125, 30544.0)	(130, 33061.0)	(135, 36339.0)	(140, 56427.0)	(145, 64815.0)	(150, 13133528.0)
KTP-17_S29_R1_001	(0, 287.0)	(5, 332.0)	(10, 326.0)	(15, 329.0)	(20, 386.0)	(25, 408.0)	(30, 11635.0)	(35, 14112.0)	(40, 13717.0)	(45, 13696.0)	(50, 14379.0)	(55, 14910.0)	(60, 15723.0)	(65, 16613.0)	(70, 17224.0)	(75, 18256.0)	(80, 19801.0)	(85, 21079.0)	(90, 22900.0)	(95, 25201.0)	(100, 27867.0)	(105, 30127.0)	(110, 34233.0)	(115, 38279.0)	(120, 41605.0)	(125, 45641.0)	(130, 51391.0)	(135, 57148.0)	(140, 86224.0)	(145, 96714.0)	(150, 15627753.0)
KTP-17_S29_R2_001	(0, 280.0)	(5, 353.0)	(10, 358.0)	(15, 427.0)	(20, 634.0)	(25, 854.0)	(30, 11841.0)	(35, 14122.0)	(40, 13784.0)	(45, 13793.0)	(50, 14455.0)	(55, 15009.0)	(60, 15745.0)	(65, 16694.0)	(70, 17289.0)	(75, 18340.0)	(80, 19816.0)	(85, 21216.0)	(90, 22989.0)	(95, 25285.0)	(100, 27869.0)	(105, 30189.0)	(110, 34312.0)	(115, 38431.0)	(120, 41609.0)	(125, 45575.0)	(130, 51246.0)	(135, 56985.0)	(140, 84152.0)	(145, 93792.0)	(150, 15630852.0)
KTP-18_S30_R1_001	(0, 308.0)	(5, 374.0)	(10, 348.0)	(15, 399.0)	(20, 405.0)	(25, 461.0)	(30, 13306.0)	(35, 16292.0)	(40, 16295.0)	(45, 15773.0)	(50, 16899.0)	(55, 17613.0)	(60, 18358.0)	(65, 19532.0)	(70, 20545.0)	(75, 21904.0)	(80, 23345.0)	(85, 24405.0)	(90, 26089.0)	(95, 27214.0)	(100, 29402.0)	(105, 31292.0)	(110, 34346.0)	(115, 39127.0)	(120, 40365.0)	(125, 45216.0)	(130, 50538.0)	(135, 56488.0)	(140, 87154.0)	(145, 98566.0)	(150, 15736356.0)
KTP-18_S30_R2_001	(0, 265.0)	(5, 334.0)	(10, 428.0)	(15, 482.0)	(20, 615.0)	(25, 885.0)	(30, 13442.0)	(35, 16338.0)	(40, 16354.0)	(45, 15851.0)	(50, 16895.0)	(55, 17667.0)	(60, 18371.0)	(65, 19590.0)	(70, 20628.0)	(75, 21927.0)	(80, 23378.0)	(85, 24426.0)	(90, 26213.0)	(95, 27199.0)	(100, 29409.0)	(105, 31333.0)	(110, 34329.0)	(115, 39207.0)	(120, 40321.0)	(125, 45112.0)	(130, 50354.0)	(135, 56240.0)	(140, 84622.0)	(145, 94725.0)	(150, 15741775.0)
KTP-19_S31_R1_001	(0, 428.0)	(5, 547.0)	(10, 544.0)	(15, 546.0)	(20, 609.0)	(25, 650.0)	(30, 23757.0)	(35, 29474.0)	(40, 29067.0)	(45, 28769.0)	(50, 29912.0)	(55, 31239.0)	(60, 32731.0)	(65, 33947.0)	(70, 35569.0)	(75, 37172.0)	(80, 38558.0)	(85, 40827.0)	(90, 42459.0)	(95, 44807.0)	(100, 47300.0)	(105, 49642.0)	(110, 53129.0)	(115, 58734.0)	(120, 60768.0)	(125, 66033.0)	(130, 73498.0)	(135, 82146.0)	(140, 128826.0)	(145, 147537.0)	(150, 25514784.0)
KTP-19_S31_R2_001	(0, 394.0)	(5, 553.0)	(10, 586.0)	(15, 780.0)	(20, 1025.0)	(25, 1477.0)	(30, 24027.0)	(35, 29558.0)	(40, 29165.0)	(45, 28884.0)	(50, 30034.0)	(55, 31370.0)	(60, 32909.0)	(65, 34057.0)	(70, 35732.0)	(75, 37303.0)	(80, 38747.0)	(85, 40995.0)	(90, 42637.0)	(95, 44950.0)	(100, 47421.0)	(105, 49815.0)	(110, 53354.0)	(115, 59001.0)	(120, 60846.0)	(125, 65987.0)	(130, 73371.0)	(135, 81989.0)	(140, 126865.0)	(145, 141887.0)	(150, 25518290.0)
KTP-1_S13_R1_001	(0, 189.0)	(5, 229.0)	(10, 239.0)	(15, 252.0)	(20, 288.0)	(25, 359.0)	(30, 9210.0)	(35, 10820.0)	(40, 10687.0)	(45, 10441.0)	(50, 10511.0)	(55, 11130.0)	(60, 11581.0)	(65, 12130.0)	(70, 12521.0)	(75, 13272.0)	(80, 14267.0)	(85, 15148.0)	(90, 16317.0)	(95, 17431.0)	(100, 18794.0)	(105, 19825.0)	(110, 21757.0)	(115, 24682.0)	(120, 25312.0)	(125, 27410.0)	(130, 29883.0)	(135, 32633.0)	(140, 53181.0)	(145, 62788.0)	(150, 11504241.0)
KTP-1_S13_R2_001	(0, 181.0)	(5, 246.0)	(10, 305.0)	(15, 354.0)	(20, 466.0)	(25, 687.0)	(30, 9280.0)	(35, 10877.0)	(40, 10788.0)	(45, 10501.0)	(50, 10536.0)	(55, 11203.0)	(60, 11616.0)	(65, 12200.0)	(70, 12562.0)	(75, 13346.0)	(80, 14333.0)	(85, 15234.0)	(90, 16333.0)	(95, 17477.0)	(100, 18856.0)	(105, 19820.0)	(110, 21776.0)	(115, 24757.0)	(120, 25264.0)	(125, 27422.0)	(130, 29789.0)	(135, 32510.0)	(140, 51339.0)	(145, 59186.0)	(150, 11508284.0)
KTP-2_S14_R1_001	(0, 464.0)	(5, 591.0)	(10, 596.0)	(15, 599.0)	(20, 679.0)	(25, 756.0)	(30, 20380.0)	(35, 24444.0)	(40, 23782.0)	(45, 23130.0)	(50, 23879.0)	(55, 24991.0)	(60, 26265.0)	(65, 27717.0)	(70, 29135.0)	(75, 31585.0)	(80, 33447.0)	(85, 35232.0)	(90, 37691.0)	(95, 40686.0)	(100, 43184.0)	(105, 46273.0)	(110, 49719.0)	(115, 55741.0)	(120, 56483.0)	(125, 61152.0)	(130, 65365.0)	(135, 70580.0)	(140, 117148.0)	(145, 134993.0)	(150, 27490790.0)
KTP-2_S14_R2_001	(0, 459.0)	(5, 607.0)	(10, 659.0)	(15, 799.0)	(20, 1141.0)	(25, 1527.0)	(30, 20678.0)	(35, 24546.0)	(40, 23851.0)	(45, 23293.0)	(50, 24019.0)	(55, 25166.0)	(60, 26406.0)	(65, 27879.0)	(70, 29288.0)	(75, 31767.0)	(80, 33598.0)	(85, 35467.0)	(90, 37857.0)	(95, 40833.0)	(100, 43275.0)	(105, 46392.0)	(110, 49862.0)	(115, 56045.0)	(120, 56620.0)	(125, 61087.0)	(130, 65296.0)	(135, 70492.0)	(140, 113977.0)	(145, 129208.0)	(150, 27495383.0)
KTP-3_S15_R1_001	(0, 265.0)	(5, 322.0)	(10, 342.0)	(15, 321.0)	(20, 414.0)	(25, 442.0)	(30, 13316.0)	(35, 16334.0)	(40, 15647.0)	(45, 15782.0)	(50, 16406.0)	(55, 17160.0)	(60, 17713.0)	(65, 18866.0)	(70, 19658.0)	(75, 20908.0)	(80, 21894.0)	(85, 23184.0)	(90, 24597.0)	(95, 25886.0)	(100, 27243.0)	(105, 28750.0)	(110, 30356.0)	(115, 33587.0)	(120, 34076.0)	(125, 36468.0)	(130, 39137.0)	(135, 41307.0)	(140, 67145.0)	(145, 77333.0)	(150, 15468811.0)
KTP-3_S15_R2_001	(0, 294.0)	(5, 328.0)	(10, 416.0)	(15, 522.0)	(20, 700.0)	(25, 1048.0)	(30, 13521.0)	(35, 16385.0)	(40, 15725.0)	(45, 15903.0)	(50, 16580.0)	(55, 17192.0)	(60, 17774.0)	(65, 18898.0)	(70, 19741.0)	(75, 21046.0)	(80, 21988.0)	(85, 23203.0)	(90, 24620.0)	(95, 25970.0)	(100, 27324.0)	(105, 28832.0)	(110, 30439.0)	(115, 33669.0)	(120, 34081.0)	(125, 36483.0)	(130, 39080.0)	(135, 41162.0)	(140, 64958.0)	(145, 73379.0)	(150, 15472409.0)
KTP-4_S16_R1_001	(0, 273.0)	(5, 355.0)	(10, 391.0)	(15, 393.0)	(20, 440.0)	(25, 422.0)	(30, 15321.0)	(35, 18377.0)	(40, 18083.0)	(45, 17560.0)	(50, 18422.0)	(55, 19576.0)	(60, 20302.0)	(65, 21222.0)	(70, 22164.0)	(75, 23289.0)	(80, 24521.0)	(85, 26464.0)	(90, 27081.0)	(95, 28293.0)	(100, 29968.0)	(105, 31566.0)	(110, 33743.0)	(115, 37088.0)	(120, 37229.0)	(125, 39872.0)	(130, 42844.0)	(135, 45214.0)	(140, 72224.0)	(145, 82769.0)	(150, 16986249.0)
KTP-4_S16_R2_001	(0, 274.0)	(5, 366.0)	(10, 442.0)	(15, 526.0)	(20, 795.0)	(25, 1198.0)	(30, 15512.0)	(35, 18511.0)	(40, 18153.0)	(45, 17702.0)	(50, 18549.0)	(55, 19677.0)	(60, 20405.0)	(65, 21282.0)	(70, 22298.0)	(75, 23385.0)	(80, 24693.0)	(85, 26615.0)	(90, 27206.0)	(95, 28386.0)	(100, 30067.0)	(105, 31661.0)	(110, 33813.0)	(115, 37283.0)	(120, 37301.0)	(125, 39828.0)	(130, 42880.0)	(135, 45185.0)	(140, 70255.0)	(145, 78760.0)	(150, 16988707.0)
KTP-5_S17_R1_001	(0, 531.0)	(5, 604.0)	(10, 650.0)	(15, 669.0)	(20, 709.0)	(25, 921.0)	(30, 27233.0)	(35, 33767.0)	(40, 33264.0)	(45, 32546.0)	(50, 33591.0)	(55, 35669.0)	(60, 37047.0)	(65, 38853.0)	(70, 40373.0)	(75, 42995.0)	(80, 44719.0)	(85, 47749.0)	(90, 50070.0)	(95, 53413.0)	(100, 57520.0)	(105, 61372.0)	(110, 66188.0)	(115, 74709.0)	(120, 78152.0)	(125, 85115.0)	(130, 94558.0)	(135, 105010.0)	(140, 161645.0)	(145, 186993.0)	(150, 30679994.0)
KTP-5_S17_R2_001	(0, 515.0)	(5, 671.0)	(10, 759.0)	(15, 940.0)	(20, 1300.0)	(25, 1880.0)	(30, 27605.0)	(35, 33939.0)	(40, 33436.0)	(45, 32749.0)	(50, 33764.0)	(55, 35865.0)	(60, 37173.0)	(65, 38980.0)	(70, 40538.0)	(75, 43120.0)	(80, 44849.0)	(85, 47891.0)	(90, 50223.0)	(95, 53483.0)	(100, 57562.0)	(105, 61464.0)	(110, 66371.0)	(115, 74963.0)	(120, 78073.0)	(125, 85041.0)	(130, 94373.0)	(135, 104570.0)	(140, 157580.0)	(145, 179856.0)	(150, 30687096.0)
KTP-6_S18_R1_001	(0, 212.0)	(5, 263.0)	(10, 235.0)	(15, 255.0)	(20, 330.0)	(25, 486.0)	(30, 10692.0)	(35, 13665.0)	(40, 14924.0)	(45, 16030.0)	(50, 18059.0)	(55, 20195.0)	(60, 21896.0)	(65, 23907.0)	(70, 26373.0)	(75, 28587.0)	(80, 30338.0)	(85, 32482.0)	(90, 33933.0)	(95, 36302.0)	(100, 38377.0)	(105, 40852.0)	(110, 43672.0)	(115, 46897.0)	(120, 48087.0)	(125, 50722.0)	(130, 54314.0)	(135, 57110.0)	(140, 77826.0)	(145, 86256.0)	(150, 11017141.0)
KTP-6_S18_R2_001	(0, 195.0)	(5, 239.0)	(10, 276.0)	(15, 359.0)	(20, 488.0)	(25, 965.0)	(30, 10820.0)	(35, 13725.0)	(40, 15000.0)	(45, 16122.0)	(50, 18086.0)	(55, 20224.0)	(60, 21891.0)	(65, 24014.0)	(70, 26402.0)	(75, 28609.0)	(80, 30329.0)	(85, 32580.0)	(90, 33942.0)	(95, 36222.0)	(100, 38355.0)	(105, 40790.0)	(110, 43578.0)	(115, 46777.0)	(120, 47979.0)	(125, 50553.0)	(130, 54121.0)	(135, 56697.0)	(140, 75755.0)	(145, 83849.0)	(150, 11021476.0)
KTP-7_S19_R1_001	(0, 169.0)	(5, 188.0)	(10, 192.0)	(15, 206.0)	(20, 254.0)	(25, 423.0)	(30, 5989.0)	(35, 7748.0)	(40, 8168.0)	(45, 8818.0)	(50, 9919.0)	(55, 11062.0)	(60, 12460.0)	(65, 13936.0)	(70, 15000.0)	(75, 16400.0)	(80, 17667.0)	(85, 19310.0)	(90, 20665.0)	(95, 22298.0)	(100, 23893.0)	(105, 25980.0)	(110, 28058.0)	(115, 31350.0)	(120, 32315.0)	(125, 35017.0)	(130, 38157.0)	(135, 41210.0)	(140, 58625.0)	(145, 69801.0)	(150, 10407142.0)
KTP-7_S19_R2_001	(0, 154.0)	(5, 184.0)	(10, 235.0)	(15, 302.0)	(20, 409.0)	(25, 702.0)	(30, 6103.0)	(35, 7788.0)	(40, 8256.0)	(45, 8927.0)	(50, 10023.0)	(55, 11135.0)	(60, 12538.0)	(65, 14007.0)	(70, 15108.0)	(75, 16417.0)	(80, 17621.0)	(85, 19321.0)	(90, 20674.0)	(95, 22291.0)	(100, 23891.0)	(105, 25934.0)	(110, 28021.0)	(115, 31341.0)	(120, 32273.0)	(125, 34853.0)	(130, 37926.0)	(135, 40954.0)	(140, 56449.0)	(145, 65217.0)	(150, 10413366.0)
KTP-8_S20_R1_001	(0, 353.0)	(5, 425.0)	(10, 443.0)	(15, 428.0)	(20, 455.0)	(25, 632.0)	(30, 13280.0)	(35, 15944.0)	(40, 16027.0)	(45, 16525.0)	(50, 17532.0)	(55, 19100.0)	(60, 20086.0)	(65, 21199.0)	(70, 22715.0)	(75, 24247.0)	(80, 25675.0)	(85, 27208.0)	(90, 29464.0)	(95, 31042.0)	(100, 33818.0)	(105, 36171.0)	(110, 38502.0)	(115, 43833.0)	(120, 45039.0)	(125, 49149.0)	(130, 53638.0)	(135, 58841.0)	(140, 92068.0)	(145, 106851.0)	(150, 19430227.0)
KTP-8_S20_R2_001	(0, 336.0)	(5, 405.0)	(10, 474.0)	(15, 549.0)	(20, 769.0)	(25, 1103.0)	(30, 13469.0)	(35, 16040.0)	(40, 16138.0)	(45, 16624.0)	(50, 17612.0)	(55, 19204.0)	(60, 20183.0)	(65, 21356.0)	(70, 22831.0)	(75, 24350.0)	(80, 25804.0)	(85, 27354.0)	(90, 29550.0)	(95, 31072.0)	(100, 33853.0)	(105, 36247.0)	(110, 38494.0)	(115, 44002.0)	(120, 44998.0)	(125, 49097.0)	(130, 53438.0)	(135, 58717.0)	(140, 89086.0)	(145, 102034.0)	(150, 19435728.0)
KTP-9_S21_R1_001	(0, 221.0)	(5, 285.0)	(10, 297.0)	(15, 281.0)	(20, 338.0)	(25, 427.0)	(30, 10602.0)	(35, 13022.0)	(40, 12613.0)	(45, 12728.0)	(50, 13105.0)	(55, 13983.0)	(60, 14662.0)	(65, 15898.0)	(70, 16727.0)	(75, 18156.0)	(80, 19714.0)	(85, 20603.0)	(90, 22295.0)	(95, 24395.0)	(100, 26087.0)	(105, 28230.0)	(110, 31444.0)	(115, 35451.0)	(120, 36649.0)	(125, 40829.0)	(130, 45141.0)	(135, 50062.0)	(140, 76441.0)	(145, 91180.0)	(150, 14805739.0)
KTP-9_S21_R2_001	(0, 209.0)	(5, 312.0)	(10, 363.0)	(15, 418.0)	(20, 602.0)	(25, 806.0)	(30, 10755.0)	(35, 13055.0)	(40, 12653.0)	(45, 12843.0)	(50, 13160.0)	(55, 14072.0)	(60, 14754.0)	(65, 15926.0)	(70, 16775.0)	(75, 18206.0)	(80, 19848.0)	(85, 20706.0)	(90, 22343.0)	(95, 24436.0)	(100, 26054.0)	(105, 28248.0)	(110, 31487.0)	(115, 35379.0)	(120, 36562.0)	(125, 40642.0)	(130, 44961.0)	(135, 49702.0)	(140, 73775.0)	(145, 86378.0)	(150, 14812175.0)
STP-1_S46_R1_001	(0, 175.0)	(5, 240.0)	(10, 248.0)	(15, 225.0)	(20, 267.0)	(25, 295.0)	(30, 9281.0)	(35, 11366.0)	(40, 10833.0)	(45, 10853.0)	(50, 11011.0)	(55, 11398.0)	(60, 11536.0)	(65, 12013.0)	(70, 12716.0)	(75, 13259.0)	(80, 14696.0)	(85, 15439.0)	(90, 16825.0)	(95, 18231.0)	(100, 19746.0)	(105, 21516.0)	(110, 23732.0)	(115, 27065.0)	(120, 28822.0)	(125, 32350.0)	(130, 36578.0)	(135, 40479.0)	(140, 61317.0)	(145, 68657.0)	(150, 10640815.0)
STP-1_S46_R2_001	(0, 156.0)	(5, 228.0)	(10, 257.0)	(15, 312.0)	(20, 457.0)	(25, 678.0)	(30, 9357.0)	(35, 11391.0)	(40, 10893.0)	(45, 10917.0)	(50, 11057.0)	(55, 11444.0)	(60, 11595.0)	(65, 12057.0)	(70, 12765.0)	(75, 13307.0)	(80, 14686.0)	(85, 15510.0)	(90, 16876.0)	(95, 18250.0)	(100, 19809.0)	(105, 21562.0)	(110, 23766.0)	(115, 27121.0)	(120, 28902.0)	(125, 32378.0)	(130, 36508.0)	(135, 40327.0)	(140, 59886.0)	(145, 66217.0)	(150, 10643315.0)
STP-2_S47_R1_001	(0, 231.0)	(5, 239.0)	(10, 230.0)	(15, 271.0)	(20, 351.0)	(25, 484.0)	(30, 10562.0)	(35, 13006.0)	(40, 14284.0)	(45, 15034.0)	(50, 17274.0)	(55, 19674.0)	(60, 21873.0)	(65, 24860.0)	(70, 28506.0)	(75, 31154.0)	(80, 34986.0)	(85, 38526.0)	(90, 42613.0)	(95, 47036.0)	(100, 51777.0)	(105, 56489.0)	(110, 61069.0)	(115, 67214.0)	(120, 71743.0)	(125, 78085.0)	(130, 83720.0)	(135, 89140.0)	(140, 114376.0)	(145, 125557.0)	(150, 12596876.0)
STP-2_S47_R2_001	(0, 211.0)	(5, 263.0)	(10, 330.0)	(15, 388.0)	(20, 498.0)	(25, 895.0)	(30, 10641.0)	(35, 13110.0)	(40, 14318.0)	(45, 15101.0)	(50, 17330.0)	(55, 19729.0)	(60, 21911.0)	(65, 24911.0)	(70, 28577.0)	(75, 31206.0)	(80, 35025.0)	(85, 38547.0)	(90, 42636.0)	(95, 46947.0)	(100, 51698.0)	(105, 56437.0)	(110, 60998.0)	(115, 66990.0)	(120, 71505.0)	(125, 77865.0)	(130, 83351.0)	(135, 88770.0)	(140, 111877.0)	(145, 122465.0)	(150, 12602710.0)
STP-3_S48_R1_001	(0, 261.0)	(5, 266.0)	(10, 282.0)	(15, 333.0)	(20, 321.0)	(25, 378.0)	(30, 11337.0)	(35, 13943.0)	(40, 14015.0)	(45, 13820.0)	(50, 14588.0)	(55, 15508.0)	(60, 16309.0)	(65, 17439.0)	(70, 18308.0)	(75, 20089.0)	(80, 21217.0)	(85, 22873.0)	(90, 24685.0)	(95, 26355.0)	(100, 28753.0)	(105, 31172.0)	(110, 33840.0)	(115, 37999.0)	(120, 40442.0)	(125, 45384.0)	(130, 50686.0)	(135, 56554.0)	(140, 84705.0)	(145, 97362.0)	(150, 13417350.0)
STP-3_S48_R2_001	(0, 240.0)	(5, 285.0)	(10, 301.0)	(15, 408.0)	(20, 544.0)	(25, 800.0)	(30, 11442.0)	(35, 13985.0)	(40, 14036.0)	(45, 13912.0)	(50, 14622.0)	(55, 15523.0)	(60, 16373.0)	(65, 17492.0)	(70, 18321.0)	(75, 20155.0)	(80, 21285.0)	(85, 22929.0)	(90, 24747.0)	(95, 26355.0)	(100, 28756.0)	(105, 31165.0)	(110, 33779.0)	(115, 38006.0)	(120, 40335.0)	(125, 45245.0)	(130, 50498.0)	(135, 56269.0)	(140, 81908.0)	(145, 93869.0)	(150, 13422989.0)
WBP-1_S5_R1_001	(0, 203.0)	(5, 242.0)	(10, 231.0)	(15, 241.0)	(20, 317.0)	(25, 409.0)	(30, 8054.0)	(35, 10247.0)	(40, 10676.0)	(45, 11364.0)	(50, 13034.0)	(55, 14887.0)	(60, 17131.0)	(65, 19226.0)	(70, 22950.0)	(75, 26594.0)	(80, 30271.0)	(85, 34716.0)	(90, 38792.0)	(95, 43351.0)	(100, 48190.0)	(105, 52852.0)	(110, 57896.0)	(115, 63438.0)	(120, 66594.0)	(125, 72169.0)	(130, 77141.0)	(135, 82086.0)	(140, 103662.0)	(145, 112863.0)	(150, 10216434.0)
WBP-1_S5_R2_001	(0, 177.0)	(5, 231.0)	(10, 260.0)	(15, 313.0)	(20, 447.0)	(25, 713.0)	(30, 8154.0)	(35, 10286.0)	(40, 10704.0)	(45, 11403.0)	(50, 13069.0)	(55, 14934.0)	(60, 17108.0)	(65, 19266.0)	(70, 23009.0)	(75, 26558.0)	(80, 30231.0)	(85, 34743.0)	(90, 38865.0)	(95, 43319.0)	(100, 48074.0)	(105, 52747.0)	(110, 57776.0)	(115, 63416.0)	(120, 66430.0)	(125, 71972.0)	(130, 76776.0)	(135, 81571.0)	(140, 101155.0)	(145, 109940.0)	(150, 10222614.0)
WBP-2_S6_R1_001	(0, 201.0)	(5, 251.0)	(10, 257.0)	(15, 213.0)	(20, 275.0)	(25, 285.0)	(30, 10141.0)	(35, 12057.0)	(40, 11556.0)	(45, 11170.0)	(50, 11954.0)	(55, 12480.0)	(60, 13113.0)	(65, 13845.0)	(70, 14989.0)	(75, 16492.0)	(80, 18043.0)	(85, 19570.0)	(90, 21194.0)	(95, 23212.0)	(100, 25154.0)	(105, 27096.0)	(110, 29390.0)	(115, 32978.0)	(120, 34255.0)	(125, 37081.0)	(130, 41015.0)	(135, 45104.0)	(140, 67821.0)	(145, 78248.0)	(150, 11581879.0)
WBP-2_S6_R2_001	(0, 216.0)	(5, 229.0)	(10, 297.0)	(15, 319.0)	(20, 455.0)	(25, 584.0)	(30, 10222.0)	(35, 12056.0)	(40, 11572.0)	(45, 11194.0)	(50, 11968.0)	(55, 12461.0)	(60, 13124.0)	(65, 13876.0)	(70, 14993.0)	(75, 16547.0)	(80, 18040.0)	(85, 19600.0)	(90, 21260.0)	(95, 23198.0)	(100, 25157.0)	(105, 27090.0)	(110, 29314.0)	(115, 33052.0)	(120, 34110.0)	(125, 36924.0)	(130, 40780.0)	(135, 44874.0)	(140, 66125.0)	(145, 75505.0)	(150, 11586177.0)
WBP-3_S7_R1_001	(0, 143.0)	(5, 195.0)	(10, 192.0)	(15, 205.0)	(20, 218.0)	(25, 314.0)	(30, 8224.0)	(35, 10228.0)	(40, 10645.0)	(45, 11819.0)	(50, 13128.0)	(55, 14954.0)	(60, 17077.0)	(65, 19419.0)	(70, 21861.0)	(75, 24312.0)	(80, 26889.0)	(85, 29136.0)	(90, 31764.0)	(95, 34436.0)	(100, 36970.0)	(105, 39274.0)	(110, 43054.0)	(115, 46533.0)	(120, 49118.0)	(125, 53451.0)	(130, 57733.0)	(135, 63530.0)	(140, 82531.0)	(145, 92757.0)	(150, 8636154.0)
WBP-3_S7_R2_001	(0, 129.0)	(5, 209.0)	(10, 223.0)	(15, 238.0)	(20, 338.0)	(25, 580.0)	(30, 8279.0)	(35, 10228.0)	(40, 10639.0)	(45, 11863.0)	(50, 13182.0)	(55, 14985.0)	(60, 17065.0)	(65, 19442.0)	(70, 21838.0)	(75, 24332.0)	(80, 26881.0)	(85, 29142.0)	(90, 31820.0)	(95, 34329.0)	(100, 36891.0)	(105, 39239.0)	(110, 42981.0)	(115, 46458.0)	(120, 48959.0)	(125, 53221.0)	(130, 57495.0)	(135, 63228.0)	(140, 80774.0)	(145, 90686.0)	(150, 8640590.0)
WBP-4_S8_R1_001	(0, 432.0)	(5, 574.0)	(10, 580.0)	(15, 617.0)	(20, 593.0)	(25, 700.0)	(30, 24044.0)	(35, 28653.0)	(40, 28262.0)	(45, 27760.0)	(50, 28565.0)	(55, 29632.0)	(60, 30599.0)	(65, 32262.0)	(70, 33418.0)	(75, 35360.0)	(80, 37665.0)	(85, 39740.0)	(90, 42265.0)	(95, 44314.0)	(100, 47517.0)	(105, 51173.0)	(110, 54735.0)	(115, 60840.0)	(120, 62623.0)	(125, 67247.0)	(130, 73223.0)	(135, 80560.0)	(140, 129934.0)	(145, 148118.0)	(150, 27528626.0)
WBP-4_S8_R2_001	(0, 470.0)	(5, 550.0)	(10, 613.0)	(15, 759.0)	(20, 1038.0)	(25, 1381.0)	(30, 24277.0)	(35, 28715.0)	(40, 28339.0)	(45, 27856.0)	(50, 28738.0)	(55, 29738.0)	(60, 30700.0)	(65, 32353.0)	(70, 33519.0)	(75, 35463.0)	(80, 37781.0)	(85, 39870.0)	(90, 42394.0)	(95, 44326.0)	(100, 47538.0)	(105, 51273.0)	(110, 54798.0)	(115, 61075.0)	(120, 62586.0)	(125, 67165.0)	(130, 73104.0)	(135, 80217.0)	(140, 126171.0)	(145, 141789.0)	(150, 27536035.0)
WBP-5_S9_R1_001	(0, 348.0)	(5, 411.0)	(10, 522.0)	(15, 477.0)	(20, 494.0)	(25, 534.0)	(30, 17363.0)	(35, 21431.0)	(40, 20508.0)	(45, 20563.0)	(50, 21244.0)	(55, 21987.0)	(60, 23191.0)	(65, 24048.0)	(70, 25854.0)	(75, 26948.0)	(80, 28866.0)	(85, 30538.0)	(90, 32450.0)	(95, 34537.0)	(100, 36868.0)	(105, 39716.0)	(110, 41926.0)	(115, 47641.0)	(120, 49391.0)	(125, 53845.0)	(130, 59504.0)	(135, 66118.0)	(140, 107718.0)	(145, 124686.0)	(150, 22755012.0)
WBP-5_S9_R2_001	(0, 376.0)	(5, 450.0)	(10, 485.0)	(15, 588.0)	(20, 788.0)	(25, 1080.0)	(30, 17480.0)	(35, 21547.0)	(40, 20649.0)	(45, 20624.0)	(50, 21369.0)	(55, 22034.0)	(60, 23286.0)	(65, 24189.0)	(70, 25893.0)	(75, 27085.0)	(80, 28978.0)	(85, 30752.0)	(90, 32553.0)	(95, 34576.0)	(100, 36947.0)	(105, 39712.0)	(110, 41974.0)	(115, 47913.0)	(120, 49340.0)	(125, 53836.0)	(130, 59426.0)	(135, 65820.0)	(140, 104641.0)	(145, 119699.0)	(150, 22760649.0)
WBP-6_S10_R1_001	(0, 359.0)	(5, 509.0)	(10, 447.0)	(15, 571.0)	(20, 578.0)	(25, 625.0)	(30, 21191.0)	(35, 25587.0)	(40, 25081.0)	(45, 24366.0)	(50, 25262.0)	(55, 26409.0)	(60, 26884.0)	(65, 28775.0)	(70, 29757.0)	(75, 31411.0)	(80, 33393.0)	(85, 35600.0)	(90, 37720.0)	(95, 39795.0)	(100, 42587.0)	(105, 45187.0)	(110, 48873.0)	(115, 53936.0)	(120, 55191.0)	(125, 59361.0)	(130, 64283.0)	(135, 70208.0)	(140, 112513.0)	(145, 127330.0)	(150, 24089838.0)
WBP-6_S10_R2_001	(0, 409.0)	(5, 518.0)	(10, 576.0)	(15, 657.0)	(20, 936.0)	(25, 1418.0)	(30, 21430.0)	(35, 25684.0)	(40, 25199.0)	(45, 24413.0)	(50, 25332.0)	(55, 26493.0)	(60, 27032.0)	(65, 28947.0)	(70, 29867.0)	(75, 31541.0)	(80, 33443.0)	(85, 35690.0)	(90, 37930.0)	(95, 39832.0)	(100, 42643.0)	(105, 45264.0)	(110, 48928.0)	(115, 54019.0)	(120, 55106.0)	(125, 59267.0)	(130, 64221.0)	(135, 69941.0)	(140, 109246.0)	(145, 122755.0)	(150, 24094890.0)
WBP-7_S11_R1_001	(0, 405.0)	(5, 538.0)	(10, 490.0)	(15, 473.0)	(20, 598.0)	(25, 652.0)	(30, 18882.0)	(35, 23417.0)	(40, 22430.0)	(45, 22103.0)	(50, 22720.0)	(55, 23822.0)	(60, 25017.0)	(65, 26061.0)	(70, 27085.0)	(75, 29073.0)	(80, 30533.0)	(85, 32312.0)	(90, 34127.0)	(95, 36635.0)	(100, 38912.0)	(105, 42299.0)	(110, 45011.0)	(115, 50780.0)	(120, 51426.0)	(125, 56069.0)	(130, 60936.0)	(135, 65887.0)	(140, 110559.0)	(145, 126701.0)	(150, 26102757.0)
WBP-7_S11_R2_001	(0, 411.0)	(5, 543.0)	(10, 586.0)	(15, 719.0)	(20, 1012.0)	(25, 1398.0)	(30, 19160.0)	(35, 23415.0)	(40, 22560.0)	(45, 22244.0)	(50, 22894.0)	(55, 24011.0)	(60, 25146.0)	(65, 26193.0)	(70, 27225.0)	(75, 29314.0)	(80, 30707.0)	(85, 32467.0)	(90, 34319.0)	(95, 36808.0)	(100, 39004.0)	(105, 42477.0)	(110, 45173.0)	(115, 50859.0)	(120, 51517.0)	(125, 56110.0)	(130, 60894.0)	(135, 65810.0)	(140, 107824.0)	(145, 122059.0)	(150, 26105851.0)
WBP-8_S12_R1_001	(0, 137.0)	(5, 170.0)	(10, 182.0)	(15, 181.0)	(20, 205.0)	(25, 242.0)	(30, 6452.0)	(35, 8136.0)	(40, 8240.0)	(45, 8532.0)	(50, 9337.0)	(55, 10440.0)	(60, 11831.0)	(65, 13326.0)	(70, 14681.0)	(75, 16717.0)	(80, 18410.0)	(85, 20377.0)	(90, 22369.0)	(95, 24646.0)	(100, 26607.0)	(105, 29590.0)	(110, 32143.0)	(115, 35868.0)	(120, 38048.0)	(125, 41443.0)	(130, 45092.0)	(135, 48840.0)	(140, 67746.0)	(145, 76203.0)	(150, 8860531.0)
WBP-8_S12_R2_001	(0, 145.0)	(5, 159.0)	(10, 204.0)	(15, 222.0)	(20, 318.0)	(25, 515.0)	(30, 6555.0)	(35, 8134.0)	(40, 8249.0)	(45, 8549.0)	(50, 9450.0)	(55, 10462.0)	(60, 11798.0)	(65, 13327.0)	(70, 14726.0)	(75, 16784.0)	(80, 18452.0)	(85, 20375.0)	(90, 22360.0)	(95, 24618.0)	(100, 26625.0)	(105, 29593.0)	(110, 32102.0)	(115, 35828.0)	(120, 37967.0)	(125, 41271.0)	(130, 44906.0)	(135, 48612.0)	(140, 66229.0)	(145, 74440.0)	(150, 8863747.0)
WZP-10_S41_R1_001	(0, 324.0)	(5, 419.0)	(10, 411.0)	(15, 443.0)	(20, 438.0)	(25, 531.0)	(30, 17531.0)	(35, 21210.0)	(40, 20512.0)	(45, 20202.0)	(50, 20967.0)	(55, 21493.0)	(60, 21867.0)	(65, 22910.0)	(70, 23851.0)	(75, 24871.0)	(80, 25951.0)	(85, 27929.0)	(90, 29984.0)	(95, 31736.0)	(100, 33513.0)	(105, 35845.0)	(110, 39594.0)	(115, 44396.0)	(120, 45723.0)	(125, 50687.0)	(130, 55782.0)	(135, 61842.0)	(140, 98389.0)	(145, 112821.0)	(150, 20271668.0)
WZP-10_S41_R2_001	(0, 345.0)	(5, 433.0)	(10, 483.0)	(15, 545.0)	(20, 693.0)	(25, 1028.0)	(30, 17696.0)	(35, 21230.0)	(40, 20599.0)	(45, 20321.0)	(50, 21047.0)	(55, 21551.0)	(60, 21959.0)	(65, 22910.0)	(70, 23939.0)	(75, 25005.0)	(80, 26060.0)	(85, 28011.0)	(90, 30055.0)	(95, 31766.0)	(100, 33542.0)	(105, 35910.0)	(110, 39662.0)	(115, 44436.0)	(120, 45711.0)	(125, 50556.0)	(130, 55639.0)	(135, 61590.0)	(140, 96443.0)	(145, 108662.0)	(150, 20276013.0)
WZP-11_S42_R1_001	(0, 396.0)	(5, 469.0)	(10, 482.0)	(15, 532.0)	(20, 535.0)	(25, 625.0)	(30, 18058.0)	(35, 21673.0)	(40, 20856.0)	(45, 20845.0)	(50, 21662.0)	(55, 23168.0)	(60, 23966.0)	(65, 25464.0)	(70, 27301.0)	(75, 29196.0)	(80, 31221.0)	(85, 33710.0)	(90, 35420.0)	(95, 38429.0)	(100, 40856.0)	(105, 44600.0)	(110, 48614.0)	(115, 55358.0)	(120, 57730.0)	(125, 64490.0)	(130, 72533.0)	(135, 80895.0)	(140, 126154.0)	(145, 145747.0)	(150, 25445729.0)
WZP-11_S42_R2_001	(0, 453.0)	(5, 490.0)	(10, 585.0)	(15, 745.0)	(20, 1068.0)	(25, 1497.0)	(30, 18406.0)	(35, 21738.0)	(40, 20984.0)	(45, 20989.0)	(50, 21837.0)	(55, 23291.0)	(60, 24124.0)	(65, 25655.0)	(70, 27524.0)	(75, 29422.0)	(80, 31377.0)	(85, 33819.0)	(90, 35635.0)	(95, 38572.0)	(100, 40912.0)	(105, 44682.0)	(110, 48743.0)	(115, 55520.0)	(120, 57788.0)	(125, 64584.0)	(130, 72416.0)	(135, 80621.0)	(140, 123386.0)	(145, 140684.0)	(150, 25449167.0)
WZP-12_S43_R1_001	(0, 303.0)	(5, 372.0)	(10, 438.0)	(15, 451.0)	(20, 457.0)	(25, 458.0)	(30, 14935.0)	(35, 18307.0)	(40, 17958.0)	(45, 17813.0)	(50, 18569.0)	(55, 18967.0)	(60, 19301.0)	(65, 20231.0)	(70, 21452.0)	(75, 22681.0)	(80, 24128.0)	(85, 26044.0)	(90, 27690.0)	(95, 29837.0)	(100, 32572.0)	(105, 35223.0)	(110, 39041.0)	(115, 44756.0)	(120, 46830.0)	(125, 53806.0)	(130, 60934.0)	(135, 70494.0)	(140, 108815.0)	(145, 126319.0)	(150, 19409503.0)
WZP-12_S43_R2_001	(0, 368.0)	(5, 443.0)	(10, 493.0)	(15, 585.0)	(20, 809.0)	(25, 1105.0)	(30, 15156.0)	(35, 18348.0)	(40, 18003.0)	(45, 17912.0)	(50, 18699.0)	(55, 19040.0)	(60, 19399.0)	(65, 20328.0)	(70, 21527.0)	(75, 22795.0)	(80, 24246.0)	(85, 26199.0)	(90, 27833.0)	(95, 29944.0)	(100, 32597.0)	(105, 35395.0)	(110, 39099.0)	(115, 44845.0)	(120, 46914.0)	(125, 53741.0)	(130, 60766.0)	(135, 70232.0)	(140, 106677.0)	(145, 122201.0)	(150, 19412986.0)
WZP-13_S44_R1_001	(0, 220.0)	(5, 249.0)	(10, 256.0)	(15, 268.0)	(20, 300.0)	(25, 305.0)	(30, 10687.0)	(35, 12963.0)	(40, 12947.0)	(45, 12630.0)	(50, 12937.0)	(55, 13873.0)	(60, 14036.0)	(65, 15102.0)	(70, 15962.0)	(75, 17047.0)	(80, 18375.0)	(85, 19895.0)	(90, 21886.0)	(95, 23961.0)	(100, 26722.0)	(105, 29505.0)	(110, 32848.0)	(115, 38238.0)	(120, 41640.0)	(125, 46614.0)	(130, 52726.0)	(135, 59832.0)	(140, 86134.0)	(145, 98606.0)	(150, 13001808.0)
WZP-13_S44_R2_001	(0, 182.0)	(5, 246.0)	(10, 289.0)	(15, 366.0)	(20, 544.0)	(25, 705.0)	(30, 10807.0)	(35, 12986.0)	(40, 12971.0)	(45, 12677.0)	(50, 12946.0)	(55, 13917.0)	(60, 14101.0)	(65, 15161.0)	(70, 15999.0)	(75, 17097.0)	(80, 18410.0)	(85, 19931.0)	(90, 21993.0)	(95, 24051.0)	(100, 26692.0)	(105, 29505.0)	(110, 32843.0)	(115, 38238.0)	(120, 41513.0)	(125, 46535.0)	(130, 52639.0)	(135, 59579.0)	(140, 84349.0)	(145, 95593.0)	(150, 13005707.0)
WZP-14_S45_R1_001	(0, 225.0)	(5, 304.0)	(10, 308.0)	(15, 295.0)	(20, 338.0)	(25, 370.0)	(30, 12728.0)	(35, 15564.0)	(40, 15937.0)	(45, 15975.0)	(50, 16582.0)	(55, 17473.0)	(60, 18468.0)	(65, 19018.0)	(70, 20626.0)	(75, 21288.0)	(80, 22833.0)	(85, 24333.0)	(90, 25566.0)	(95, 26987.0)	(100, 29013.0)	(105, 30915.0)	(110, 33326.0)	(115, 37152.0)	(120, 38529.0)	(125, 43411.0)	(130, 48802.0)	(135, 55001.0)	(140, 85333.0)	(145, 97703.0)	(150, 14405330.0)
WZP-14_S45_R2_001	(0, 237.0)	(5, 299.0)	(10, 318.0)	(15, 405.0)	(20, 567.0)	(25, 784.0)	(30, 12911.0)	(35, 15592.0)	(40, 16025.0)	(45, 15958.0)	(50, 16699.0)	(55, 17534.0)	(60, 18483.0)	(65, 19130.0)	(70, 20693.0)	(75, 21367.0)	(80, 22911.0)	(85, 24417.0)	(90, 25714.0)	(95, 27010.0)	(100, 29054.0)	(105, 30932.0)	(110, 33355.0)	(115, 37066.0)	(120, 38488.0)	(125, 43280.0)	(130, 48617.0)	(135, 54702.0)	(140, 82876.0)	(145, 94686.0)	(150, 14409623.0)
WZP-1_S32_R1_001	(0, 368.0)	(5, 483.0)	(10, 433.0)	(15, 427.0)	(20, 488.0)	(25, 537.0)	(30, 19204.0)	(35, 23302.0)	(40, 22806.0)	(45, 23060.0)	(50, 23866.0)	(55, 25119.0)	(60, 25857.0)	(65, 27215.0)	(70, 28729.0)	(75, 30857.0)	(80, 32094.0)	(85, 33694.0)	(90, 35205.0)	(95, 36865.0)	(100, 38973.0)	(105, 40667.0)	(110, 43486.0)	(115, 47951.0)	(120, 48554.0)	(125, 52496.0)	(130, 56310.0)	(135, 60967.0)	(140, 95341.0)	(145, 108384.0)	(150, 20378015.0)
WZP-1_S32_R2_001	(0, 357.0)	(5, 455.0)	(10, 502.0)	(15, 631.0)	(20, 929.0)	(25, 1408.0)	(30, 19419.0)	(35, 23364.0)	(40, 22907.0)	(45, 23168.0)	(50, 23984.0)	(55, 25276.0)	(60, 25933.0)	(65, 27296.0)	(70, 28892.0)	(75, 30990.0)	(80, 32193.0)	(85, 33865.0)	(90, 35360.0)	(95, 36931.0)	(100, 39031.0)	(105, 40760.0)	(110, 43561.0)	(115, 47929.0)	(120, 48599.0)	(125, 52531.0)	(130, 56322.0)	(135, 60766.0)	(140, 93404.0)	(145, 103980.0)	(150, 20381010.0)
WZP-2_S33_R1_001	(0, 239.0)	(5, 271.0)	(10, 248.0)	(15, 287.0)	(20, 309.0)	(25, 354.0)	(30, 11290.0)	(35, 13617.0)	(40, 13076.0)	(45, 13241.0)	(50, 13622.0)	(55, 14568.0)	(60, 15365.0)	(65, 16334.0)	(70, 17657.0)	(75, 19316.0)	(80, 21279.0)	(85, 23249.0)	(90, 25933.0)	(95, 28775.0)	(100, 32315.0)	(105, 35263.0)	(110, 39220.0)	(115, 45056.0)	(120, 48010.0)	(125, 54002.0)	(130, 60436.0)	(135, 67679.0)	(140, 95126.0)	(145, 107118.0)	(150, 12970363.0)
WZP-2_S33_R2_001	(0, 200.0)	(5, 241.0)	(10, 249.0)	(15, 362.0)	(20, 476.0)	(25, 695.0)	(30, 11401.0)	(35, 13605.0)	(40, 13164.0)	(45, 13321.0)	(50, 13690.0)	(55, 14597.0)	(60, 15413.0)	(65, 16363.0)	(70, 17676.0)	(75, 19369.0)	(80, 21298.0)	(85, 23275.0)	(90, 25919.0)	(95, 28736.0)	(100, 32257.0)	(105, 35134.0)	(110, 39265.0)	(115, 45002.0)	(120, 47963.0)	(125, 53822.0)	(130, 60091.0)	(135, 67368.0)	(140, 92731.0)	(145, 104250.0)	(150, 12975685.0)
WZP-3_S34_R1_001	(0, 310.0)	(5, 399.0)	(10, 355.0)	(15, 425.0)	(20, 487.0)	(25, 543.0)	(30, 19315.0)	(35, 23566.0)	(40, 23031.0)	(45, 22319.0)	(50, 23064.0)	(55, 23839.0)	(60, 24880.0)	(65, 25372.0)	(70, 26336.0)	(75, 27788.0)	(80, 29114.0)	(85, 30861.0)	(90, 32478.0)	(95, 34926.0)	(100, 37449.0)	(105, 40013.0)	(110, 43711.0)	(115, 48171.0)	(120, 50220.0)	(125, 54957.0)	(130, 60393.0)	(135, 66269.0)	(140, 99977.0)	(145, 112697.0)	(150, 18077723.0)
WZP-3_S34_R2_001	(0, 296.0)	(5, 416.0)	(10, 458.0)	(15, 521.0)	(20, 792.0)	(25, 1214.0)	(30, 19518.0)	(35, 23712.0)	(40, 23090.0)	(45, 22462.0)	(50, 23159.0)	(55, 23956.0)	(60, 24973.0)	(65, 25490.0)	(70, 26456.0)	(75, 27916.0)	(80, 29255.0)	(85, 30948.0)	(90, 32588.0)	(95, 34969.0)	(100, 37531.0)	(105, 40102.0)	(110, 43709.0)	(115, 48295.0)	(120, 50237.0)	(125, 54953.0)	(130, 60278.0)	(135, 65996.0)	(140, 97187.0)	(145, 108644.0)	(150, 18081867.0)
WZP-4_S35_R1_001	(0, 201.0)	(5, 286.0)	(10, 272.0)	(15, 285.0)	(20, 304.0)	(25, 358.0)	(30, 9501.0)	(35, 11802.0)	(40, 11219.0)	(45, 11439.0)	(50, 12274.0)	(55, 12706.0)	(60, 13935.0)	(65, 15012.0)	(70, 16705.0)	(75, 18417.0)	(80, 20821.0)	(85, 22769.0)	(90, 25163.0)	(95, 27582.0)	(100, 30107.0)	(105, 32785.0)	(110, 35591.0)	(115, 40258.0)	(120, 43397.0)	(125, 48348.0)	(130, 53983.0)	(135, 59904.0)	(140, 86105.0)	(145, 96710.0)	(150, 12641176.0)
WZP-4_S35_R2_001	(0, 202.0)	(5, 273.0)	(10, 288.0)	(15, 337.0)	(20, 501.0)	(25, 678.0)	(30, 9619.0)	(35, 11827.0)	(40, 11258.0)	(45, 11503.0)	(50, 12362.0)	(55, 12798.0)	(60, 13969.0)	(65, 15104.0)	(70, 16772.0)	(75, 18525.0)	(80, 20901.0)	(85, 22813.0)	(90, 25212.0)	(95, 27585.0)	(100, 30088.0)	(105, 32823.0)	(110, 35592.0)	(115, 40321.0)	(120, 43283.0)	(125, 48247.0)	(130, 53773.0)	(135, 59669.0)	(140, 84203.0)	(145, 93206.0)	(150, 12645683.0)
WZP-5_S36_R1_001	(0, 267.0)	(5, 276.0)	(10, 312.0)	(15, 310.0)	(20, 330.0)	(25, 407.0)	(30, 12490.0)	(35, 14847.0)	(40, 14682.0)	(45, 14112.0)	(50, 14846.0)	(55, 15336.0)	(60, 15654.0)	(65, 16452.0)	(70, 17025.0)	(75, 18213.0)	(80, 19181.0)	(85, 20629.0)	(90, 21657.0)	(95, 23057.0)	(100, 24765.0)	(105, 26360.0)	(110, 28177.0)	(115, 32040.0)	(120, 32392.0)	(125, 35475.0)	(130, 38490.0)	(135, 41830.0)	(140, 65589.0)	(145, 74822.0)	(150, 14280800.0)
WZP-5_S36_R2_001	(0, 266.0)	(5, 305.0)	(10, 390.0)	(15, 479.0)	(20, 715.0)	(25, 1072.0)	(30, 12708.0)	(35, 14919.0)	(40, 14758.0)	(45, 14270.0)	(50, 14954.0)	(55, 15385.0)	(60, 15731.0)	(65, 16550.0)	(70, 17169.0)	(75, 18351.0)	(80, 19312.0)	(85, 20740.0)	(90, 21801.0)	(95, 23093.0)	(100, 24818.0)	(105, 26466.0)	(110, 28292.0)	(115, 32155.0)	(120, 32448.0)	(125, 35496.0)	(130, 38481.0)	(135, 41756.0)	(140, 64160.0)	(145, 71862.0)	(150, 14281921.0)
WZP-6_S37_R1_001	(0, 167.0)	(5, 224.0)	(10, 267.0)	(15, 229.0)	(20, 255.0)	(25, 309.0)	(30, 10793.0)	(35, 13113.0)	(40, 12938.0)	(45, 12687.0)	(50, 12937.0)	(55, 13458.0)	(60, 14113.0)	(65, 14577.0)	(70, 15753.0)	(75, 16548.0)	(80, 17358.0)	(85, 18935.0)	(90, 20070.0)	(95, 21625.0)	(100, 23344.0)	(105, 25463.0)	(110, 28047.0)	(115, 31586.0)	(120, 33355.0)	(125, 36818.0)	(130, 41010.0)	(135, 46406.0)	(140, 69690.0)	(145, 79535.0)	(150, 12575341.0)
WZP-6_S37_R2_001	(0, 201.0)	(5, 263.0)	(10, 280.0)	(15, 339.0)	(20, 522.0)	(25, 749.0)	(30, 10930.0)	(35, 13059.0)	(40, 12961.0)	(45, 12708.0)	(50, 13012.0)	(55, 13521.0)	(60, 14194.0)	(65, 14639.0)	(70, 15816.0)	(75, 16635.0)	(80, 17451.0)	(85, 19031.0)	(90, 20147.0)	(95, 21718.0)	(100, 23389.0)	(105, 25559.0)	(110, 28045.0)	(115, 31737.0)	(120, 33329.0)	(125, 36800.0)	(130, 40995.0)	(135, 46162.0)	(140, 68537.0)	(145, 76914.0)	(150, 12577308.0)
WZP-7_S38_R1_001	(0, 184.0)	(5, 224.0)	(10, 246.0)	(15, 225.0)	(20, 260.0)	(25, 303.0)	(30, 9659.0)	(35, 11678.0)	(40, 11420.0)	(45, 10991.0)	(50, 11767.0)	(55, 12276.0)	(60, 12743.0)	(65, 13740.0)	(70, 14767.0)	(75, 16162.0)	(80, 17681.0)	(85, 19103.0)	(90, 20982.0)	(95, 22754.0)	(100, 25229.0)	(105, 27098.0)	(110, 30219.0)	(115, 34581.0)	(120, 37033.0)	(125, 40659.0)	(130, 46396.0)	(135, 51608.0)	(140, 76812.0)	(145, 90014.0)	(150, 12653701.0)
WZP-7_S38_R2_001	(0, 170.0)	(5, 250.0)	(10, 287.0)	(15, 323.0)	(20, 471.0)	(25, 662.0)	(30, 9812.0)	(35, 11756.0)	(40, 11455.0)	(45, 11062.0)	(50, 11864.0)	(55, 12306.0)	(60, 12821.0)	(65, 13769.0)	(70, 14800.0)	(75, 16226.0)	(80, 17786.0)	(85, 19161.0)	(90, 21030.0)	(95, 22788.0)	(100, 25243.0)	(105, 27148.0)	(110, 30253.0)	(115, 34514.0)	(120, 36932.0)	(125, 40536.0)	(130, 46211.0)	(135, 51352.0)	(140, 74810.0)	(145, 86869.0)	(150, 12657848.0)
WZP-8_S39_R1_001	(0, 252.0)	(5, 305.0)	(10, 350.0)	(15, 325.0)	(20, 358.0)	(25, 436.0)	(30, 13348.0)	(35, 16025.0)	(40, 15772.0)	(45, 15242.0)	(50, 15676.0)	(55, 16136.0)	(60, 17543.0)	(65, 17780.0)	(70, 19136.0)	(75, 20507.0)	(80, 21927.0)	(85, 23813.0)	(90, 25932.0)	(95, 27829.0)	(100, 30700.0)	(105, 33219.0)	(110, 36929.0)	(115, 42131.0)	(120, 44043.0)	(125, 48175.0)	(130, 53072.0)	(135, 58277.0)	(140, 88743.0)	(145, 101997.0)	(150, 15878939.0)
WZP-8_S39_R2_001	(0, 228.0)	(5, 345.0)	(10, 335.0)	(15, 453.0)	(20, 554.0)	(25, 778.0)	(30, 13473.0)	(35, 16081.0)	(40, 15825.0)	(45, 15327.0)	(50, 15706.0)	(55, 16256.0)	(60, 17595.0)	(65, 17825.0)	(70, 19217.0)	(75, 20547.0)	(80, 22008.0)	(85, 23900.0)	(90, 25881.0)	(95, 27814.0)	(100, 30696.0)	(105, 33293.0)	(110, 36924.0)	(115, 42136.0)	(120, 43983.0)	(125, 48071.0)	(130, 52899.0)	(135, 58062.0)	(140, 86433.0)	(145, 98068.0)	(150, 15884204.0)
WZP-9_S40_R1_001	(0, 357.0)	(5, 452.0)	(10, 432.0)	(15, 478.0)	(20, 502.0)	(25, 518.0)	(30, 17184.0)	(35, 20512.0)	(40, 20000.0)	(45, 19250.0)	(50, 19978.0)	(55, 20427.0)	(60, 20740.0)	(65, 21260.0)	(70, 21976.0)	(75, 22898.0)	(80, 24347.0)	(85, 25623.0)	(90, 27158.0)	(95, 28743.0)	(100, 31156.0)	(105, 32952.0)	(110, 36574.0)	(115, 41025.0)	(120, 42145.0)	(125, 45909.0)	(130, 50344.0)	(135, 55095.0)	(140, 91806.0)	(145, 108273.0)	(150, 21388018.0)
WZP-9_S40_R2_001	(0, 341.0)	(5, 460.0)	(10, 513.0)	(15, 608.0)	(20, 898.0)	(25, 1228.0)	(30, 17423.0)	(35, 20598.0)	(40, 20129.0)	(45, 19410.0)	(50, 20070.0)	(55, 20547.0)	(60, 20866.0)	(65, 21366.0)	(70, 22125.0)	(75, 23049.0)	(80, 24482.0)	(85, 25760.0)	(90, 27324.0)	(95, 28889.0)	(100, 31211.0)	(105, 33044.0)	(110, 36763.0)	(115, 41315.0)	(120, 42163.0)	(125, 45946.0)	(130, 50263.0)	(135, 54992.0)	(140, 88976.0)	(145, 102935.0)	(150, 21392438.0)
