Sample	fastp-pct_duplication	fastp-after_filtering_q30_rate	fastp-after_filtering_q30_bases	fastp-filtering_result_passed_filter_reads	fastp-after_filtering_gc_content	fastp-pct_surviving_reads	fastp-pct_surviving_bases	fastp-pct_adapter	fastp-before_filtering_read1_mean_length	fastp-before_filtering_read2_mean_length	fastqc-percent_duplicates	fastqc-percent_gc	fastqc-avg_sequence_length	fastqc-median_sequence_length	fastqc-percent_fails	fastqc-total_sequences
CZP-1_S3	2.90383	86.31830000000001	5030.258757	39.115656	40.0604	99.94832363549766	98.61327156184187	5.1254245464775545	151.0	151.0						
CZP-1_S3_R1_001											16.209437721241784	39.0	148.98783903815905	151	27.27272727272727	19.557828
CZP-1_S3_R2_001											14.962156989517183	40.0	148.97870888321546	151	27.27272727272727	19.557828
CZP-2_S4	2.99391	86.9823	12674.447859	98.145478	39.854800000000004	99.94649382950898	98.26938821176458	6.556261521362651	151.0	151.0						
CZP-2_S4_R1_001											23.967433846910367	39.0	148.46868190911454	151	27.27272727272727	49.072739
CZP-2_S4_R2_001											22.45201684290447	40.0	148.46381016148294	151	27.27272727272727	49.072739
ELP-1_S49	3.10562	85.8056	9690.583789999999	75.89694	37.2222	99.94679034476658	98.49227497250045	5.381942107905641	151.0	151.0						
ELP-1_S49_R1_001											21.27683254784398	37.0	148.80753840668675	151	27.27272727272727	37.94847
ELP-1_S49_R2_001											19.296631443450067	37.0	148.79798982673083	151	27.27272727272727	37.94847
FRUpstream-1_S1	3.03999	86.5065	1433.920306	11.091984	36.399300000000004	99.92857601033234	98.89629158995444	2.907932963792866	151.0	151.0						
FRUpstream-1_S1_R1_001											12.210209581687181	36.0	149.4453931776317	151	27.27272727272727	5.545992
FRUpstream-1_S1_R2_001											11.213827941345428	36.0	149.43695807711225	151	27.27272727272727	5.545992
FRUpstream-2_S2	2.88349	86.3648	1234.666466	9.57105	36.241099999999996	99.9205942879669	98.83972945157117	2.964048400944767	151.0	151.0						
FRUpstream-2_S2_R1_001											11.280452018034822	36.0	149.37061806175916	151	27.27272727272727	4.785525
FRUpstream-2_S2_R2_001											10.295348179100529	36.0	149.364405786199	151	27.27272727272727	4.785525
FZP-1_S50	2.72283	84.9363	4284.6681929999995	33.849004	36.2457	99.94425987429625	98.6413256513485	5.319541387323837	151.0	151.0						
FZP-1_S50_R1_001											16.10163797516381	36.0	149.0367198987598	151	27.27272727272727	16.924502
FZP-1_S50_R2_001											14.32893501562232	36.0	149.02626552911275	151	27.27272727272727	16.924502
FZP-2_S51	3.07443	86.6928	3428.182421	26.852225999999998	38.9146	99.94675903438218	97.47477436307831	9.232491133019412	151.0	151.0						
FZP-2_S51_R1_001											15.70823499115221	38.0	147.26566311485684	151	27.27272727272727	13.426112999999999
FZP-2_S51_R2_001											14.519292061320087	39.0	147.26447393970244	151	27.27272727272727	13.426112999999999
FZP-3_S52	2.70876	87.01299999999999	3184.9150959999997	24.889756	40.0406	99.94455412084793	97.33644228061291	9.691295591265572	151.0	151.0						
FZP-3_S52_R1_001											14.938528437820409	39.0	147.06042678763103	151	27.27272727272727	12.444878
FZP-3_S52_R2_001											13.85782032527122	40.0	147.05777862989095	151	27.27272727272727	12.444878
HFP-1_S53	3.2328500000000004	86.9619	3001.196478	23.411631999999997	41.029199999999996	99.95196150909513	97.57713431075545	9.714585104037573	151.0	151.0						
HFP-1_S53_R1_001											15.88286693823467	40.0	147.41315812584102	151	27.27272727272727	11.705815999999999
HFP-1_S53_R2_001											14.96827850389296	41.0	147.4096222766529	151	27.27272727272727	11.705815999999999
KTP-10_S22	2.47947	84.60839999999999	8269.471947	65.538266	37.4589	99.94351532267345	98.70674402508483	4.399939818809233	151.0	151.0						
KTP-10_S22_R1_001											17.950512406572457	37.0	149.13881706909976	151	27.27272727272727	32.769133
KTP-10_S22_R2_001											16.017901919637822	37.0	149.12477095442227	151	27.27272727272727	32.769133
KTP-11_S23	2.26633	85.44890000000001	3222.8527059999997	25.387296	41.247299999999996	99.95450975142576	98.34284763922734	5.84634737399528	151.0	151.0						
KTP-11_S23_R1_001											12.289666814452076	41.0	148.57039741451788	151	36.36363636363637	12.693648
KTP-11_S23_R2_001											11.130995049516486	41.0	148.56055650826303	151	36.36363636363637	12.693648
KTP-12_S24	2.93365	86.5519	4427.704348	34.537136	39.8774	99.95057621626121	98.04466884629967	6.891828012641237	151.0	151.0						
KTP-12_S24_R1_001											17.285398479035507	39.0	148.12333373560563	151	27.27272727272727	17.268568
KTP-12_S24_R2_001											16.033217817156327	40.0	148.118307609525	151	27.27272727272727	17.268568
KTP-13_S25	2.6040799999999997	85.72109999999999	3794.542095	29.670706	39.3123	99.95287133814676	98.75573405597986	4.642176561282621	151.0	151.0						
KTP-13_S25_R1_001											10.394435779516101	39.0	149.19676862424507	151	27.27272727272727	14.835353
KTP-13_S25_R2_001											9.297105086154204	39.0	149.18692645870982	151	27.27272727272727	14.835353
KTP-14_S26	2.26821	84.9438	4588.097672	36.253147999999996	38.5607	99.94537529082957	98.61458628770384	4.737578364843764	151.0	151.0						
KTP-14_S26_R1_001											15.273060264677568	38.0	148.99350726728613	151	27.27272727272727	18.126573999999998
KTP-14_S26_R2_001											13.642856521419318	38.0	148.98592944259627	151	27.27272727272727	18.126573999999998
KTP-15_S27	2.63269	84.6903	4303.774875	34.040304	36.6988	99.94565870353904	98.81197331593822	3.969322241774023	151.0	151.0						
KTP-15_S27_R1_001											12.667274168710463	36.0	149.29522444922935	151	27.27272727272727	17.020152
KTP-15_S27_R2_001											11.222299532755272	36.0	149.28027458274167	151	27.27272727272727	17.020152
KTP-16_S28	2.46697	84.54169999999999	3448.098177	27.29522	38.4403	99.95038223984456	98.90761967990842	3.868757179470185	151.0	151.0						
KTP-16_S28_R1_001											12.887400064653335	38.0	149.42944383668643	151	27.27272727272727	13.64761
KTP-16_S28_R2_001											11.3883542509098	38.0	149.42062837375923	151	27.27272727272727	13.64761
KTP-17_S29	2.6567600000000002	84.956	4150.1134569999995	32.756592	36.7689	99.94756783594299	98.71027990943145	4.683869811034286	151.0	151.0						
KTP-17_S29_R1_001											13.321166902095399	36.0	149.13649771624594	151	27.27272727272727	16.378296
KTP-17_S29_R2_001											11.989156887805137	37.0	149.12546671521872	151	27.27272727272727	16.378296
KTP-18_S30	3.01539	85.4602	4207.898561	33.05743	36.9412	99.9461832918471	98.58747643714483	4.887799722027633	151.0	151.0						
KTP-18_S30_R1_001											14.519899427844962	36.0	148.9508551632719	151	27.27272727272727	16.528715
KTP-18_S30_R2_001											13.063264063228559	37.0	148.94419287887777	151	27.27272727272727	16.528715
KTP-19_S31	2.60535	84.64930000000001	6746.116599	53.528017999999996	36.0353	99.94547887084053	98.54521980338018	4.764747115878946	151.0	151.0						
KTP-19_S31_R1_001											19.069970177668864	35.0	148.89145583533468	151	27.27272727272727	26.764008999999998
KTP-19_S31_R2_001											16.867867198294334	36.0	148.87818032044453	151	27.27272727272727	26.764008999999998
KTP-1_S13	2.57937	85.3625	3056.2736889999996	23.995055999999998	39.7439	99.95055593539965	98.76691484340977	4.185250539781728	151.0	151.0						
KTP-1_S13_R1_001											11.113215995443625	39.0	149.2177301024011	151	36.36363636363637	11.997527999999999
KTP-1_S13_R2_001											9.955940610641193	40.0	149.20682343896175	151	36.36363636363637	11.997527999999999
KTP-2_S14	3.06007	84.9545	7254.083632	57.194953999999996	36.5573	99.94764168810663	98.81756714977439	3.9463981039308123	151.0	151.0						
KTP-2_S14_R1_001											18.61169100835481	36.0	149.2996401046148	151	27.27272727272727	28.597476999999998
KTP-2_S14_R2_001											16.700268523336334	36.0	149.286950418738	151	27.27272727272727	28.597476999999998
KTP-3_S15	2.28084	84.4726	4067.577891	32.307339999999996	38.9166	99.94703082761285	98.65333296445216	4.313838231862915	151.0	151.0						
KTP-3_S15_R1_001											12.295137154656118	38.0	149.0533828535559	151	27.27272727272727	16.153669999999998
KTP-3_S15_R2_001											10.951478283582873	39.0	149.03852876776608	151	36.36363636363637	16.153669999999998
KTP-4_S16	2.47908	84.5653	4471.2664589999995	35.48343	37.256299999999996	99.94661766638644	98.62878546799465	4.336511843064502	151.0	151.0						
KTP-4_S16_R1_001											11.209085246829346	37.0	149.0181513455717	151	27.27272727272727	17.741715
KTP-4_S16_R2_001											9.954369762536274	37.0	149.00107841885634	151	27.27272727272727	17.741715
KTP-5_S17	2.93201	85.3612	8188.399079999999	64.413258	38.4169	99.94849057172331	98.57398265966421	4.835153536919192	151.0	151.0						
KTP-5_S17_R1_001											19.20758660932883	38.0	148.930185118101	151	27.27272727272727	32.206629
KTP-5_S17_R2_001											17.370599026380958	38.0	148.91741734287064	151	27.27272727272727	32.206629
KTP-6_S18	2.55671	85.99719999999999	3021.2526749999997	23.780835999999997	39.3557	99.94575044599958	97.78288337900864	7.461478109540054	151.0	151.0						
KTP-6_S18_R1_001											14.27378229507741	39.0	147.73652028044768	151	27.27272727272727	11.890417999999999
KTP-6_S18_R2_001											13.198763405966758	39.0	147.72839483019015	151	27.27272727272727	11.890417999999999
KTP-7_S19	2.2114100000000003	84.5446	2764.202007	21.96484	46.4219	99.95662219607459	98.53497649338152	5.320488794856117	151.0	151.0						
KTP-7_S19_R1_001											9.677591403736827	46.0	148.85715652834256	151	36.36363636363637	10.98242
KTP-7_S19_R2_001											8.883952223273695	46.0	148.84875273391475	151	36.36363636363637	10.98242
KTP-8_S20	2.39551	84.7924	5133.571766	40.581834	38.5376	99.94684191365367	98.74685089107295	4.322520335603273	151.0	151.0						
KTP-8_S20_R1_001											13.033099826376102	38.0	149.19258414984398	151	27.27272727272727	20.290917
KTP-8_S20_R2_001											11.457560924377873	38.0	149.18235760365093	151	27.27272727272727	20.290917
KTP-9_S21	2.9852	85.43039999999999	3949.498051	30.99521	42.739399999999996	99.95425257557419	98.73225261160515	4.545728655920935	151.0	151.0						
KTP-9_S21_R1_001											12.383830149793013	42.0	149.15914562282364	151	36.36363636363637	15.497605
KTP-9_S21_R2_001											11.303307408341851	43.0	149.15001963206572	151	36.36363636363637	15.497605
STP-1_S46	2.2744299999999997	84.68900000000001	2821.648619	22.363968	35.7611	99.94713037720487	98.60984220244458	4.943926469125257	151.0	151.0						
STP-1_S46_R1_001											12.433471151479765	35.0	148.98527068183964	151	27.27272727272727	11.181984
STP-1_S46_R2_001											11.08329650711984	36.0	148.97419795986116	151	27.27272727272727	11.181984
STP-2_S47	2.6861099999999998	86.4772	3512.8806459999996	27.51448	39.8314	99.950537806901	97.72571849011645	8.585748175246119	151.0	151.0						
STP-2_S47_R1_001											13.635592073825592	39.0	147.6415893740314	151	27.27272727272727	13.75724
STP-2_S47_R2_001											12.503807422561891	40.0	147.63544286499328	151	27.27272727272727	13.75724
STP-3_S48	3.34413	86.6558	3655.724962	28.353147999999997	38.9771	99.94787776931517	98.48521695083915	5.463221255379401	151.0	151.0						
STP-3_S48_R1_001											14.830819445926195	38.0	148.79408543982487	151	27.27272727272727	14.176573999999999
STP-3_S48_R2_001											13.610459678049295	39.0	148.7870418480516	151	27.27272727272727	14.176573999999999
WBP-1_S5	2.6609000000000003	86.8739	2883.656154	22.512522	40.195	99.94654724029705	97.59347713354276	9.403903170237006	151.0	151.0						
WBP-1_S5_R1_001											14.90481411422428	40.0	147.4457080375091	151	27.27272727272727	11.256261
WBP-1_S5_R2_001											13.890250789800234	40.0	147.4434635088863	151	27.27272727272727	11.256261
WBP-2_S6	2.58006	86.4834	3143.962459	24.422638	38.4984	99.94595644005585	98.52359606817998	5.254576023647884	151.0	151.0						
WBP-2_S6_R1_001											17.600280963670883	38.0	148.85396565268667	151	27.27272727272727	12.211319
WBP-2_S6_R2_001											16.178395977622856	38.0	148.84881854286175	151	27.27272727272727	12.211319
WBP-3_S7	3.30013	87.7238	2450.581639	18.952527999999997	40.125499999999995	99.94627351904654	97.56055151202115	9.028543168605173	151.0	151.0						
WBP-3_S7_R1_001											17.47240315788183	40.0	147.39635250769712	151	27.27272727272727	9.476263999999999
WBP-3_S7_R2_001											16.366435737374488	40.0	147.39424714212268	151	27.27272727272727	9.476263999999999
WBP-4_S8	2.8770000000000002	85.0161	7292.399598999999	57.541261999999996	36.6902	99.94541161790426	98.66783076793588	4.399238597328004	151.0	151.0						
WBP-4_S8_R1_001											21.717039646705473	36.0	149.07459297642794	151	27.27272727272727	28.770630999999998
WBP-4_S8_R2_001											19.56587440555019	37.0	149.06585701926386	151	27.27272727272727	28.770630999999998
WBP-5_S9	2.73997	85.3727	6046.936804999999	47.469477999999995	36.7541	99.94520323439457	98.76131567266154	4.212548202457226	151.0	151.0						
WBP-5_S9_R1_001											24.576932750783726	36.0	149.21632658357862	151	27.27272727272727	23.734738999999998
WBP-5_S9_R2_001											22.282836490445234	37.0	149.2073207124797	151	27.27272727272727	23.734738999999998
WBP-6_S10	2.79124	85.4772	6416.703379	50.367253999999996	36.7056	99.94572831646816	98.65082103363488	4.426438195644915	151.0	151.0						
WBP-6_S10_R1_001											21.17165626555	36.0	149.04969987047537	151	27.27272727272727	25.183626999999998
WBP-6_S10_R2_001											19.13114303273227	36.0	149.03865789467102	151	27.27272727272727	25.183626999999998
WBP-7_S11	3.1287000000000003	84.9118	6879.762019	54.257419999999996	35.9336	99.94528720826277	98.83971770036057	3.861138558791162	151.0	151.0						
WBP-7_S11_R1_001											24.442589540442796	35.0	149.3368893323715	151	27.27272727272727	27.128709999999998
WBP-7_S11_R2_001											21.89875094334981	36.0	149.32345415613202	151	27.27272727272727	27.128709999999998
WBP-8_S12	2.81599	87.0131	2452.050909	18.993444	39.484700000000004	99.94573704271934	98.20386005282255	6.833196553355031	151.0	151.0						
WBP-8_S12_R1_001											19.560411360636422	39.0	148.37135361022467	151	27.27272727272727	9.496722
WBP-8_S12_R2_001											18.09549386725699	39.0	148.36554571145706	151	27.27272727272727	9.496722
WZP-10_S41	2.4899299999999998	83.5765	5279.763444	42.36768	35.925000000000004	99.94404525446198	98.69051596339342	4.396839925079144	151.0	151.0						
WZP-10_S41_R1_001											18.89703116914194	35.0	149.11089665518622	151	27.27272727272727	21.18384
WZP-10_S41_R2_001											16.820171751961595	36.0	149.1019969467292	151	27.27272727272727	21.18384
WZP-11_S42	2.35806	84.90299999999999	6730.767209	53.113428	36.1834	99.94550865668697	98.79235139203533	4.279299766480188	151.0	151.0						
WZP-11_S42_R1_001											20.235758351661588	36.0	149.2658332653656	151	27.27272727272727	26.556714
WZP-11_S42_R2_001											18.084352693093464	36.0	149.25039091809325	151	27.27272727272727	26.556714
WZP-12_S43	2.5183400000000002	85.2161	5167.544217	40.65737	35.8338	99.94382528197609	98.7193735843571	4.6317987153560765	151.0	151.0						
WZP-12_S43_R1_001											17.975215708340542	35.0	149.15694310773176	151	27.27272727272727	20.328685
WZP-12_S43_R2_001											16.14306814696039	36.0	149.1435166121173	151	27.27272727272727	20.328685
WZP-13_S44	2.69389	85.57209999999999	3500.7518109999996	27.477144	37.568	99.94696585779779	98.54850952611453	5.484214085664471	151.0	151.0						
WZP-13_S44_R1_001											17.376801497913533	37.0	148.89159630273073	151	27.27272727272727	13.738572
WZP-13_S44_R2_001											15.726948354219545	37.0	148.88323779210825	151	27.27272727272727	13.738572
WZP-14_S45	2.9168	86.3209	3899.867812	30.359465999999998	37.6115	99.94550306458845	98.49774652976416	5.207146953419177	151.0	151.0						
WZP-14_S45_R1_001											19.350299340098204	37.0	148.8178060180637	151	27.27272727272727	15.179732999999999
WZP-14_S45_R2_001											17.72134012550113	37.0	148.80821770712305	151	27.27272727272727	15.179732999999999
WZP-1_S32	2.40308	84.6443	5383.459701	42.723506	36.2803	99.94604479376942	98.53385821481511	4.691480509430347	151.0	151.0						
WZP-1_S32_R1_001											16.11546301306997	36.0	148.87431246864432	151	27.27272727272727	21.361753
WZP-1_S32_R2_001											14.338881936370356	36.0	148.85943190149234	151	27.27272727272727	21.361753
WZP-2_S33	2.7238100000000003	86.5801	3552.9019789999998	27.607236	39.673199999999994	99.95040718029303	98.3897883515136	6.160971964235532	151.0	151.0						
WZP-2_S33_R1_001											17.78336963658188	39.0	148.64434041857723	151	27.27272727272727	13.803618
WZP-2_S33_R2_001											16.27678836916904	39.0	148.64020729927472	151	27.27272727272727	13.803618
WZP-3_S34	2.70952	85.6693	4855.7109869999995	38.121976	37.9349	99.94737566268073	98.41166384039643	5.257069573191245	151.0	151.0						
WZP-3_S34_R1_001											14.677374960090418	37.0	148.6869646001561	151	27.27272727272727	19.060988
WZP-3_S34_R2_001											13.217478175529934	38.0	148.67337721423465	151	27.27272727272727	19.060988
WZP-4_S35	3.08847	86.1765	3435.9494059999997	26.79883	38.4029	99.94923997965124	98.47926821276525	5.775304299049247	151.0	151.0						
WZP-4_S35_R1_001											17.18336527278501	38.0	148.78347965191017	151	27.27272727272727	13.399415
WZP-4_S35_R2_001											15.62630790296609	38.0	148.7751265260461	151	27.27272727272727	13.399415
WZP-5_S36	2.4617199999999997	84.26259999999999	3748.470531	29.841645999999997	36.4512	99.94620484599822	98.6701883098638	4.378135789927344	151.0	151.0						
WZP-5_S36_R1_001											13.359615281441293	36.0	149.08260998739814	151	27.27272727272727	14.920822999999999
WZP-5_S36_R2_001											11.601793346545833	36.0	149.06257516760303	151	27.27272727272727	14.920822999999999
WZP-6_S37	2.5766899999999997	85.2205	3353.491033	26.413902	36.5269	99.9472223430964	98.608509408228	4.88854371430139	151.0	151.0						
WZP-6_S37_R1_001											19.38446001611763	36.0	148.9844685575043	151	27.27272727272727	13.206951
WZP-6_S37_R2_001											17.5349098247641	36.0	148.97113376130494	151	27.27272727272727	13.206951
WZP-7_S38	2.6823900000000003	85.7781	3405.209726	26.641029999999997	38.5712	99.94920945633034	98.63227161394913	5.115325823326043	151.0	151.0						
WZP-7_S38_R1_001											18.299748750762888	38.0	149.01579248249786	151	27.27272727272727	13.320514999999999
WZP-7_S38_R2_001											16.699160122000762	38.0	149.00575931185844	151	27.27272727272727	13.320514999999999
WZP-8_S39	2.91269	85.8075	4266.072765	33.369834	38.7459	99.94936313039248	98.61703629438291	4.925491377714626	151.0	151.0						
WZP-8_S39_R1_001											18.753967847456224	38.0	148.9910570127499	151	27.27272727272727	16.684917
WZP-8_S39_R2_001											17.158144723326785	39.0	148.9840944369097	151	27.27272727272727	16.684917
WZP-9_S40	2.6258	84.8221	5632.198444	44.472263999999996	38.1993	99.94798564382195	98.8272448278809	3.89138807312431	151.0	151.0						
WZP-9_S40_R1_001											16.327729874214896	38.0	149.3144500581306	151	27.27272727272727	22.236131999999998
WZP-9_S40_R2_001											14.553070581259476	38.0	149.3004948432578	151	27.27272727272727	22.236131999999998
