Sample	0	1	2	3	4	5	6	7	8	9	10	11	12	13	14	15	16	17	18	19	20	21	22	23	24	25	26	27	28	29	30	31	32	33	34	35
20150415.B-CAMA_reseq_10_R1	(2.0, 61.0)	(3.0, 61.0)	(4.0, 83.0)	(5.0, 70.0)	(6.0, 143.0)	(7.0, 229.0)	(8.0, 714.0)	(9.0, 935.0)	(10.0, 1203.0)	(11.0, 1432.0)	(12.0, 1812.0)	(13.0, 2156.0)	(14.0, 2802.0)	(15.0, 3493.0)	(16.0, 4410.0)	(17.0, 5271.0)	(18.0, 6215.0)	(19.0, 7463.0)	(20.0, 9040.0)	(21.0, 11043.0)	(22.0, 13534.0)	(23.0, 17554.0)	(24.0, 23878.0)	(25.0, 32799.0)	(26.0, 45325.0)	(27.0, 60997.0)	(28.0, 81036.0)	(29.0, 105811.0)	(30.0, 136776.0)	(31.0, 178007.0)	(32.0, 234446.0)	(33.0, 317305.0)	(34.0, 455152.0)	(35.0, 731104.0)	(36.0, 1596547.0)	(37.0, 15885704.0)
20150415.B-CAMA_reseq_10_R2	(2.0, 20836.0)	(3.0, 2736.0)	(4.0, 2258.0)	(5.0, 2031.0)	(6.0, 2087.0)	(7.0, 2310.0)	(8.0, 2791.0)	(9.0, 3418.0)	(10.0, 3957.0)	(11.0, 4733.0)	(12.0, 5592.0)	(13.0, 6633.0)	(14.0, 8741.0)	(15.0, 10616.0)	(16.0, 12965.0)	(17.0, 16040.0)	(18.0, 20143.0)	(19.0, 24718.0)	(20.0, 31137.0)	(21.0, 39455.0)	(22.0, 49184.0)	(23.0, 60561.0)	(24.0, 73479.0)	(25.0, 88728.0)	(26.0, 104824.0)	(27.0, 122683.0)	(28.0, 143885.0)	(29.0, 168615.0)	(30.0, 199877.0)	(31.0, 243246.0)	(32.0, 306083.0)	(33.0, 402572.0)	(34.0, 563992.0)	(35.0, 890087.0)	(36.0, 1876749.0)	(37.0, 14456849.0)
20150415.B-CAMA_reseq_11_R1	(2.0, 49.0)	(3.0, 71.0)	(4.0, 56.0)	(5.0, 80.0)	(6.0, 145.0)	(7.0, 250.0)	(8.0, 682.0)	(9.0, 929.0)	(10.0, 1163.0)	(11.0, 1428.0)	(12.0, 1875.0)	(13.0, 2260.0)	(14.0, 2736.0)	(15.0, 3392.0)	(16.0, 4289.0)	(17.0, 5197.0)	(18.0, 6077.0)	(19.0, 7202.0)	(20.0, 8885.0)	(21.0, 10604.0)	(22.0, 13286.0)	(23.0, 17305.0)	(24.0, 23624.0)	(25.0, 32671.0)	(26.0, 44955.0)	(27.0, 60365.0)	(28.0, 79602.0)	(29.0, 103852.0)	(30.0, 135883.0)	(31.0, 176041.0)	(32.0, 233352.0)	(33.0, 316013.0)	(34.0, 454482.0)	(35.0, 730559.0)	(36.0, 1594109.0)	(37.0, 14571849.0)
20150415.B-CAMA_reseq_11_R2	(2.0, 20607.0)	(3.0, 2902.0)	(4.0, 2316.0)	(5.0, 2147.0)	(6.0, 2159.0)	(7.0, 2450.0)	(8.0, 2849.0)	(9.0, 3398.0)	(10.0, 3868.0)	(11.0, 4665.0)	(12.0, 5730.0)	(13.0, 6947.0)	(14.0, 8789.0)	(15.0, 10662.0)	(16.0, 13283.0)	(17.0, 16434.0)	(18.0, 20599.0)	(19.0, 25771.0)	(20.0, 32529.0)	(21.0, 41188.0)	(22.0, 51558.0)	(23.0, 63109.0)	(24.0, 77191.0)	(25.0, 91871.0)	(26.0, 108830.0)	(27.0, 127881.0)	(28.0, 148520.0)	(29.0, 174454.0)	(30.0, 206415.0)	(31.0, 250276.0)	(32.0, 314032.0)	(33.0, 412336.0)	(34.0, 573624.0)	(35.0, 901644.0)	(36.0, 1895235.0)	(37.0, 13019049.0)
20150415.B-CAMA_reseq_12_R1	(2.0, 52.0)	(3.0, 57.0)	(4.0, 82.0)	(5.0, 71.0)	(6.0, 108.0)	(7.0, 245.0)	(8.0, 650.0)	(9.0, 860.0)	(10.0, 1146.0)	(11.0, 1299.0)	(12.0, 1644.0)	(13.0, 2013.0)	(14.0, 2694.0)	(15.0, 3235.0)	(16.0, 4114.0)	(17.0, 4907.0)	(18.0, 5842.0)	(19.0, 6894.0)	(20.0, 8368.0)	(21.0, 9924.0)	(22.0, 12430.0)	(23.0, 16272.0)	(24.0, 22122.0)	(25.0, 30357.0)	(26.0, 41511.0)	(27.0, 54407.0)	(28.0, 71953.0)	(29.0, 93629.0)	(30.0, 121056.0)	(31.0, 156086.0)	(32.0, 204771.0)	(33.0, 275425.0)	(34.0, 392050.0)	(35.0, 623730.0)	(36.0, 1340815.0)	(37.0, 13947117.0)
20150415.B-CAMA_reseq_12_R2	(2.0, 18892.0)	(3.0, 2804.0)	(4.0, 2211.0)	(5.0, 2037.0)	(6.0, 2011.0)	(7.0, 2234.0)	(8.0, 2534.0)	(9.0, 3272.0)	(10.0, 3771.0)	(11.0, 4418.0)	(12.0, 5288.0)	(13.0, 6421.0)	(14.0, 8234.0)	(15.0, 9963.0)	(16.0, 12144.0)	(17.0, 14946.0)	(18.0, 18863.0)	(19.0, 23201.0)	(20.0, 28814.0)	(21.0, 36594.0)	(22.0, 45872.0)	(23.0, 56292.0)	(24.0, 67991.0)	(25.0, 80514.0)	(26.0, 94415.0)	(27.0, 110675.0)	(28.0, 129179.0)	(29.0, 150676.0)	(30.0, 177753.0)	(31.0, 215126.0)	(32.0, 269993.0)	(33.0, 353564.0)	(34.0, 491330.0)	(35.0, 770602.0)	(36.0, 1617945.0)	(37.0, 12617357.0)
20150415.B-CAMA_reseq_13_R1	(2.0, 58.0)	(3.0, 64.0)	(4.0, 71.0)	(5.0, 76.0)	(6.0, 150.0)	(7.0, 291.0)	(8.0, 724.0)	(9.0, 924.0)	(10.0, 1264.0)	(11.0, 1482.0)	(12.0, 1873.0)	(13.0, 2248.0)	(14.0, 2768.0)	(15.0, 3475.0)	(16.0, 4160.0)	(17.0, 4926.0)	(18.0, 6000.0)	(19.0, 6954.0)	(20.0, 8214.0)	(21.0, 9982.0)	(22.0, 12641.0)	(23.0, 16491.0)	(24.0, 22252.0)	(25.0, 30701.0)	(26.0, 41629.0)	(27.0, 55985.0)	(28.0, 74812.0)	(29.0, 97377.0)	(30.0, 126657.0)	(31.0, 164814.0)	(32.0, 217443.0)	(33.0, 294224.0)	(34.0, 423986.0)	(35.0, 683899.0)	(36.0, 1504682.0)	(37.0, 15080610.0)
20150415.B-CAMA_reseq_13_R2	(2.0, 18158.0)	(3.0, 1934.0)	(4.0, 1573.0)	(5.0, 1457.0)	(6.0, 1518.0)	(7.0, 1662.0)	(8.0, 2158.0)	(9.0, 2583.0)	(10.0, 3037.0)	(11.0, 3620.0)	(12.0, 4520.0)	(13.0, 5477.0)	(14.0, 7007.0)	(15.0, 8825.0)	(16.0, 10801.0)	(17.0, 13006.0)	(18.0, 16264.0)	(19.0, 20121.0)	(20.0, 25703.0)	(21.0, 32554.0)	(22.0, 41365.0)	(23.0, 51617.0)	(24.0, 62721.0)	(25.0, 75979.0)	(26.0, 90482.0)	(27.0, 107326.0)	(28.0, 126459.0)	(29.0, 149652.0)	(30.0, 178439.0)	(31.0, 216949.0)	(32.0, 275049.0)	(33.0, 363797.0)	(34.0, 512910.0)	(35.0, 816692.0)	(36.0, 1734722.0)	(37.0, 13917770.0)
20150415.B-CAMA_reseq_14_R1	(2.0, 35.0)	(3.0, 52.0)	(4.0, 58.0)	(5.0, 64.0)	(6.0, 127.0)	(7.0, 226.0)	(8.0, 613.0)	(9.0, 720.0)	(10.0, 973.0)	(11.0, 1170.0)	(12.0, 1422.0)	(13.0, 1747.0)	(14.0, 2359.0)	(15.0, 2855.0)	(16.0, 3612.0)	(17.0, 4415.0)	(18.0, 5178.0)	(19.0, 6153.0)	(20.0, 7261.0)	(21.0, 8758.0)	(22.0, 11207.0)	(23.0, 14351.0)	(24.0, 19379.0)	(25.0, 26104.0)	(26.0, 35630.0)	(27.0, 48047.0)	(28.0, 63589.0)	(29.0, 82029.0)	(30.0, 106426.0)	(31.0, 138300.0)	(32.0, 182018.0)	(33.0, 245149.0)	(34.0, 349983.0)	(35.0, 559914.0)	(36.0, 1211831.0)	(37.0, 12402955.0)
20150415.B-CAMA_reseq_14_R2	(2.0, 15746.0)	(3.0, 1874.0)	(4.0, 1439.0)	(5.0, 1360.0)	(6.0, 1376.0)	(7.0, 1659.0)	(8.0, 1938.0)	(9.0, 2292.0)	(10.0, 2837.0)	(11.0, 3318.0)	(12.0, 4029.0)	(13.0, 5032.0)	(14.0, 6408.0)	(15.0, 7790.0)	(16.0, 9533.0)	(17.0, 11748.0)	(18.0, 14791.0)	(19.0, 18139.0)	(20.0, 23114.0)	(21.0, 29155.0)	(22.0, 36823.0)	(23.0, 45504.0)	(24.0, 55989.0)	(25.0, 67386.0)	(26.0, 79450.0)	(27.0, 94332.0)	(28.0, 109890.0)	(29.0, 128941.0)	(30.0, 153771.0)	(31.0, 187171.0)	(32.0, 235446.0)	(33.0, 308966.0)	(34.0, 432048.0)	(35.0, 684231.0)	(36.0, 1445455.0)	(37.0, 11315729.0)
20150415.B-CAMA_reseq_15_R1	(2.0, 47.0)	(3.0, 63.0)	(4.0, 54.0)	(5.0, 80.0)	(6.0, 128.0)	(7.0, 288.0)	(8.0, 648.0)	(9.0, 943.0)	(10.0, 1265.0)	(11.0, 1495.0)	(12.0, 1895.0)	(13.0, 2328.0)	(14.0, 2853.0)	(15.0, 3572.0)	(16.0, 4521.0)	(17.0, 5395.0)	(18.0, 6477.0)	(19.0, 7435.0)	(20.0, 8855.0)	(21.0, 10650.0)	(22.0, 13594.0)	(23.0, 17539.0)	(24.0, 23632.0)	(25.0, 32063.0)	(26.0, 43714.0)	(27.0, 58364.0)	(28.0, 76382.0)	(29.0, 98886.0)	(30.0, 126822.0)	(31.0, 163809.0)	(32.0, 212320.0)	(33.0, 284628.0)	(34.0, 404992.0)	(35.0, 643312.0)	(36.0, 1379500.0)	(37.0, 14321493.0)
20150415.B-CAMA_reseq_15_R2	(2.0, 17350.0)	(3.0, 1848.0)	(4.0, 1628.0)	(5.0, 1486.0)	(6.0, 1520.0)	(7.0, 1762.0)	(8.0, 2193.0)	(9.0, 2800.0)	(10.0, 3336.0)	(11.0, 4051.0)	(12.0, 4957.0)	(13.0, 6068.0)	(14.0, 7907.0)	(15.0, 9852.0)	(16.0, 11988.0)	(17.0, 14938.0)	(18.0, 18532.0)	(19.0, 23078.0)	(20.0, 29013.0)	(21.0, 36931.0)	(22.0, 46529.0)	(23.0, 57228.0)	(24.0, 69424.0)	(25.0, 82704.0)	(26.0, 98624.0)	(27.0, 114492.0)	(28.0, 133245.0)	(29.0, 155535.0)	(30.0, 182713.0)	(31.0, 221480.0)	(32.0, 276749.0)	(33.0, 362283.0)	(34.0, 503186.0)	(35.0, 789133.0)	(36.0, 1656796.0)	(37.0, 13008683.0)
20150415.B-CAMA_reseq_16_R1	(2.0, 37.0)	(3.0, 48.0)	(4.0, 63.0)	(5.0, 74.0)	(6.0, 107.0)	(7.0, 212.0)	(8.0, 573.0)	(9.0, 663.0)	(10.0, 870.0)	(11.0, 1051.0)	(12.0, 1343.0)	(13.0, 1627.0)	(14.0, 2019.0)	(15.0, 2579.0)	(16.0, 3249.0)	(17.0, 3808.0)	(18.0, 4775.0)	(19.0, 5584.0)	(20.0, 6874.0)	(21.0, 8347.0)	(22.0, 10729.0)	(23.0, 14542.0)	(24.0, 20056.0)	(25.0, 27846.0)	(26.0, 38528.0)	(27.0, 52111.0)	(28.0, 69018.0)	(29.0, 90587.0)	(30.0, 118398.0)	(31.0, 154693.0)	(32.0, 205052.0)	(33.0, 281784.0)	(34.0, 413637.0)	(35.0, 692419.0)	(36.0, 1603015.0)	(37.0, 12668206.0)
20150415.B-CAMA_reseq_16_R2	(2.0, 15322.0)	(3.0, 1413.0)	(4.0, 1021.0)	(5.0, 913.0)	(6.0, 1076.0)	(7.0, 1267.0)	(8.0, 1595.0)	(9.0, 1995.0)	(10.0, 2326.0)	(11.0, 2786.0)	(12.0, 3348.0)	(13.0, 4330.0)	(14.0, 5523.0)	(15.0, 6839.0)	(16.0, 8381.0)	(17.0, 10470.0)	(18.0, 13505.0)	(19.0, 16739.0)	(20.0, 21413.0)	(21.0, 27694.0)	(22.0, 35322.0)	(23.0, 44500.0)	(24.0, 54786.0)	(25.0, 66703.0)	(26.0, 80644.0)	(27.0, 95947.0)	(28.0, 113928.0)	(29.0, 133774.0)	(30.0, 159929.0)	(31.0, 196873.0)	(32.0, 250635.0)	(33.0, 330997.0)	(34.0, 466845.0)	(35.0, 741654.0)	(36.0, 1573438.0)	(37.0, 12010593.0)
20150415.B-CAMA_reseq_17_R1	(2.0, 58.0)	(3.0, 51.0)	(4.0, 76.0)	(5.0, 58.0)	(6.0, 137.0)	(7.0, 256.0)	(8.0, 691.0)	(9.0, 857.0)	(10.0, 1124.0)	(11.0, 1348.0)	(12.0, 1797.0)	(13.0, 2156.0)	(14.0, 2747.0)	(15.0, 3462.0)	(16.0, 4109.0)	(17.0, 5056.0)	(18.0, 6101.0)	(19.0, 7044.0)	(20.0, 8432.0)	(21.0, 10397.0)	(22.0, 13163.0)	(23.0, 17331.0)	(24.0, 23739.0)	(25.0, 33025.0)	(26.0, 45465.0)	(27.0, 60737.0)	(28.0, 80946.0)	(29.0, 105185.0)	(30.0, 137614.0)	(31.0, 178682.0)	(32.0, 235541.0)	(33.0, 319542.0)	(34.0, 456503.0)	(35.0, 733091.0)	(36.0, 1594058.0)	(37.0, 12793229.0)
20150415.B-CAMA_reseq_17_R2	(2.0, 17231.0)	(3.0, 2038.0)	(4.0, 1603.0)	(5.0, 1560.0)	(6.0, 1715.0)	(7.0, 1906.0)	(8.0, 2258.0)	(9.0, 2744.0)	(10.0, 3501.0)	(11.0, 4062.0)	(12.0, 4838.0)	(13.0, 5998.0)	(14.0, 7852.0)	(15.0, 9839.0)	(16.0, 12388.0)	(17.0, 15751.0)	(18.0, 20406.0)	(19.0, 25149.0)	(20.0, 32342.0)	(21.0, 40814.0)	(22.0, 51164.0)	(23.0, 63282.0)	(24.0, 76758.0)	(25.0, 91286.0)	(26.0, 107130.0)	(27.0, 125505.0)	(28.0, 146151.0)	(29.0, 170595.0)	(30.0, 201994.0)	(31.0, 244754.0)	(32.0, 304597.0)	(33.0, 397289.0)	(34.0, 550662.0)	(35.0, 857585.0)	(36.0, 1779196.0)	(37.0, 11501865.0)
20150415.B-CAMA_reseq_18_R1	(2.0, 64.0)	(3.0, 60.0)	(4.0, 71.0)	(5.0, 75.0)	(6.0, 112.0)	(7.0, 268.0)	(8.0, 687.0)	(9.0, 946.0)	(10.0, 1167.0)	(11.0, 1388.0)	(12.0, 1870.0)	(13.0, 2262.0)	(14.0, 2761.0)	(15.0, 3545.0)	(16.0, 4476.0)	(17.0, 5454.0)	(18.0, 6750.0)	(19.0, 8064.0)	(20.0, 9787.0)	(21.0, 11691.0)	(22.0, 15156.0)	(23.0, 20015.0)	(24.0, 27408.0)	(25.0, 37611.0)	(26.0, 50897.0)	(27.0, 67831.0)	(28.0, 89934.0)	(29.0, 116992.0)	(30.0, 150098.0)	(31.0, 195338.0)	(32.0, 258836.0)	(33.0, 353130.0)	(34.0, 516554.0)	(35.0, 859155.0)	(36.0, 1954809.0)	(37.0, 12279772.0)
20150415.B-CAMA_reseq_18_R2	(2.0, 19821.0)	(3.0, 2953.0)	(4.0, 2212.0)	(5.0, 1969.0)	(6.0, 2060.0)	(7.0, 2295.0)	(8.0, 2597.0)	(9.0, 3132.0)	(10.0, 3761.0)	(11.0, 4426.0)	(12.0, 5279.0)	(13.0, 6516.0)	(14.0, 8549.0)	(15.0, 10467.0)	(16.0, 13034.0)	(17.0, 16575.0)	(18.0, 21187.0)	(19.0, 26573.0)	(20.0, 33554.0)	(21.0, 42628.0)	(22.0, 53540.0)	(23.0, 65184.0)	(24.0, 79360.0)	(25.0, 94633.0)	(26.0, 111879.0)	(27.0, 130231.0)	(28.0, 152022.0)	(29.0, 176902.0)	(30.0, 209947.0)	(31.0, 253662.0)	(32.0, 317500.0)	(33.0, 413602.0)	(34.0, 573427.0)	(35.0, 897504.0)	(36.0, 1863344.0)	(37.0, 11432709.0)
20150415.B-CAMA_reseq_19_R1	(2.0, 70.0)	(3.0, 85.0)	(4.0, 86.0)	(5.0, 103.0)	(6.0, 178.0)	(7.0, 383.0)	(8.0, 921.0)	(9.0, 1234.0)	(10.0, 1746.0)	(11.0, 2073.0)	(12.0, 2657.0)	(13.0, 3197.0)	(14.0, 4060.0)	(15.0, 4864.0)	(16.0, 6030.0)	(17.0, 7276.0)	(18.0, 8585.0)	(19.0, 10088.0)	(20.0, 11811.0)	(21.0, 14729.0)	(22.0, 18523.0)	(23.0, 24897.0)	(24.0, 34640.0)	(25.0, 48049.0)	(26.0, 66891.0)	(27.0, 90335.0)	(28.0, 120349.0)	(29.0, 157581.0)	(30.0, 205897.0)	(31.0, 268508.0)	(32.0, 353085.0)	(33.0, 481122.0)	(34.0, 693312.0)	(35.0, 1123795.0)	(36.0, 2565069.0)	(37.0, 19532980.0)
20150415.B-CAMA_reseq_19_R2	(2.0, 29714.0)	(3.0, 5411.0)	(4.0, 3088.0)	(5.0, 3055.0)	(6.0, 3332.0)	(7.0, 3525.0)	(8.0, 3906.0)	(9.0, 4539.0)	(10.0, 5395.0)	(11.0, 6390.0)	(12.0, 7593.0)	(13.0, 9187.0)	(14.0, 11332.0)	(15.0, 14494.0)	(16.0, 18465.0)	(17.0, 23250.0)	(18.0, 29591.0)	(19.0, 38055.0)	(20.0, 48782.0)	(21.0, 61069.0)	(22.0, 75748.0)	(23.0, 93519.0)	(24.0, 113239.0)	(25.0, 135440.0)	(26.0, 159277.0)	(27.0, 187223.0)	(28.0, 219057.0)	(29.0, 256076.0)	(30.0, 304690.0)	(31.0, 373677.0)	(32.0, 469362.0)	(33.0, 618587.0)	(34.0, 868003.0)	(35.0, 1384661.0)	(36.0, 3004057.0)	(37.0, 17272420.0)
20150415.B-CAMA_reseq_1_R1	(2.0, 50.0)	(3.0, 76.0)	(4.0, 74.0)	(5.0, 77.0)	(6.0, 133.0)	(7.0, 333.0)	(8.0, 799.0)	(9.0, 1020.0)	(10.0, 1454.0)	(11.0, 1715.0)	(12.0, 2258.0)	(13.0, 2788.0)	(14.0, 3504.0)	(15.0, 4365.0)	(16.0, 5570.0)	(17.0, 6846.0)	(18.0, 8363.0)	(19.0, 9976.0)	(20.0, 12062.0)	(21.0, 14591.0)	(22.0, 18458.0)	(23.0, 24412.0)	(24.0, 33663.0)	(25.0, 45603.0)	(26.0, 62319.0)	(27.0, 83441.0)	(28.0, 107968.0)	(29.0, 139261.0)	(30.0, 180005.0)	(31.0, 233190.0)	(32.0, 311373.0)	(33.0, 435769.0)	(34.0, 658578.0)	(35.0, 1148517.0)	(36.0, 2752780.0)	(37.0, 13055505.0)
20150415.B-CAMA_reseq_1_R2	(2.0, 21654.0)	(3.0, 2755.0)	(4.0, 2276.0)	(5.0, 1998.0)	(6.0, 2027.0)	(7.0, 2109.0)	(8.0, 2664.0)	(9.0, 3135.0)	(10.0, 3780.0)	(11.0, 4393.0)	(12.0, 5110.0)	(13.0, 6595.0)	(14.0, 8186.0)	(15.0, 9804.0)	(16.0, 11965.0)	(17.0, 14420.0)	(18.0, 18178.0)	(19.0, 22489.0)	(20.0, 28260.0)	(21.0, 35937.0)	(22.0, 45762.0)	(23.0, 56316.0)	(24.0, 69597.0)	(25.0, 84064.0)	(26.0, 99397.0)	(27.0, 117754.0)	(28.0, 137796.0)	(29.0, 162284.0)	(30.0, 193554.0)	(31.0, 237714.0)	(32.0, 298827.0)	(33.0, 395226.0)	(34.0, 554330.0)	(35.0, 879029.0)	(36.0, 1855268.0)	(37.0, 13972243.0)
20150415.B-CAMA_reseq_20_R1	(2.0, 55.0)	(3.0, 65.0)	(4.0, 83.0)	(5.0, 88.0)	(6.0, 154.0)	(7.0, 312.0)	(8.0, 835.0)	(9.0, 1084.0)	(10.0, 1525.0)	(11.0, 1724.0)	(12.0, 2257.0)	(13.0, 2798.0)	(14.0, 3505.0)	(15.0, 4231.0)	(16.0, 5275.0)	(17.0, 6182.0)	(18.0, 7453.0)	(19.0, 8770.0)	(20.0, 10443.0)	(21.0, 12688.0)	(22.0, 15924.0)	(23.0, 21368.0)	(24.0, 29115.0)	(25.0, 40534.0)	(26.0, 55732.0)	(27.0, 74879.0)	(28.0, 98689.0)	(29.0, 128184.0)	(30.0, 165762.0)	(31.0, 213281.0)	(32.0, 281023.0)	(33.0, 378606.0)	(34.0, 543162.0)	(35.0, 875474.0)	(36.0, 1990177.0)	(37.0, 17811610.0)
20150415.B-CAMA_reseq_20_R2	(2.0, 23962.0)	(3.0, 4003.0)	(4.0, 2232.0)	(5.0, 2157.0)	(6.0, 2396.0)	(7.0, 2457.0)	(8.0, 2972.0)	(9.0, 3568.0)	(10.0, 4247.0)	(11.0, 4848.0)	(12.0, 5949.0)	(13.0, 7283.0)	(14.0, 8857.0)	(15.0, 11379.0)	(16.0, 14154.0)	(17.0, 18157.0)	(18.0, 23126.0)	(19.0, 29337.0)	(20.0, 36706.0)	(21.0, 46233.0)	(22.0, 58276.0)	(23.0, 71719.0)	(24.0, 86599.0)	(25.0, 104146.0)	(26.0, 123379.0)	(27.0, 144455.0)	(28.0, 168798.0)	(29.0, 199756.0)	(30.0, 237703.0)	(31.0, 291482.0)	(32.0, 368432.0)	(33.0, 487251.0)	(34.0, 690156.0)	(35.0, 1109188.0)	(36.0, 2465827.0)	(37.0, 15931857.0)
20150415.B-CAMA_reseq_21_R1	(2.0, 66.0)	(3.0, 105.0)	(4.0, 91.0)	(5.0, 100.0)	(6.0, 206.0)	(7.0, 430.0)	(8.0, 1001.0)	(9.0, 1389.0)	(10.0, 1850.0)	(11.0, 2132.0)	(12.0, 2830.0)	(13.0, 3321.0)	(14.0, 4270.0)	(15.0, 5189.0)	(16.0, 6303.0)	(17.0, 7502.0)	(18.0, 8869.0)	(19.0, 10434.0)	(20.0, 12707.0)	(21.0, 15643.0)	(22.0, 20285.0)	(23.0, 27038.0)	(24.0, 37922.0)	(25.0, 52718.0)	(26.0, 73767.0)	(27.0, 98938.0)	(28.0, 131478.0)	(29.0, 171518.0)	(30.0, 222124.0)	(31.0, 287807.0)	(32.0, 378713.0)	(33.0, 513555.0)	(34.0, 735358.0)	(35.0, 1185355.0)	(36.0, 2668196.0)	(37.0, 18906777.0)
20150415.B-CAMA_reseq_21_R2	(2.0, 28974.0)	(3.0, 5612.0)	(4.0, 3507.0)	(5.0, 3330.0)	(6.0, 3687.0)	(7.0, 3845.0)	(8.0, 4451.0)	(9.0, 5274.0)	(10.0, 6252.0)	(11.0, 7411.0)	(12.0, 8996.0)	(13.0, 11039.0)	(14.0, 13816.0)	(15.0, 17873.0)	(16.0, 23194.0)	(17.0, 29967.0)	(18.0, 38836.0)	(19.0, 49564.0)	(20.0, 62799.0)	(21.0, 78303.0)	(22.0, 96065.0)	(23.0, 115682.0)	(24.0, 138051.0)	(25.0, 163061.0)	(26.0, 190091.0)	(27.0, 219974.0)	(28.0, 253380.0)	(29.0, 294615.0)	(30.0, 345906.0)	(31.0, 416838.0)	(32.0, 522541.0)	(33.0, 682716.0)	(34.0, 948333.0)	(35.0, 1494236.0)	(36.0, 3174037.0)	(37.0, 16133731.0)
20150415.B-CAMA_reseq_22_R1	(2.0, 62.0)	(3.0, 82.0)	(4.0, 71.0)	(5.0, 91.0)	(6.0, 140.0)	(7.0, 311.0)	(8.0, 745.0)	(9.0, 1107.0)	(10.0, 1352.0)	(11.0, 1591.0)	(12.0, 2067.0)	(13.0, 2549.0)	(14.0, 3251.0)	(15.0, 3990.0)	(16.0, 4853.0)	(17.0, 5885.0)	(18.0, 6905.0)	(19.0, 8267.0)	(20.0, 9957.0)	(21.0, 12062.0)	(22.0, 15459.0)	(23.0, 20908.0)	(24.0, 29378.0)	(25.0, 40763.0)	(26.0, 56209.0)	(27.0, 75559.0)	(28.0, 100450.0)	(29.0, 129661.0)	(30.0, 167647.0)	(31.0, 216882.0)	(32.0, 283154.0)	(33.0, 380108.0)	(34.0, 540091.0)	(35.0, 860341.0)	(36.0, 1916419.0)	(37.0, 16353385.0)
20150415.B-CAMA_reseq_22_R2	(2.0, 26388.0)	(3.0, 5203.0)	(4.0, 3428.0)	(5.0, 3298.0)	(6.0, 3380.0)	(7.0, 3364.0)	(8.0, 3959.0)	(9.0, 4482.0)	(10.0, 5291.0)	(11.0, 6331.0)	(12.0, 7662.0)	(13.0, 9114.0)	(14.0, 11306.0)	(15.0, 14674.0)	(16.0, 18866.0)	(17.0, 24212.0)	(18.0, 31077.0)	(19.0, 39571.0)	(20.0, 50153.0)	(21.0, 63464.0)	(22.0, 78200.0)	(23.0, 93932.0)	(24.0, 111851.0)	(25.0, 131101.0)	(26.0, 152340.0)	(27.0, 175371.0)	(28.0, 202365.0)	(29.0, 232809.0)	(30.0, 274025.0)	(31.0, 329834.0)	(32.0, 408807.0)	(33.0, 531287.0)	(34.0, 738132.0)	(35.0, 1161989.0)	(36.0, 2475000.0)	(37.0, 13819486.0)
20150415.B-CAMA_reseq_23_R1	(2.0, 44.0)	(3.0, 44.0)	(4.0, 60.0)	(5.0, 52.0)	(6.0, 127.0)	(7.0, 273.0)	(8.0, 757.0)	(9.0, 920.0)	(10.0, 1253.0)	(11.0, 1513.0)	(12.0, 1927.0)	(13.0, 2374.0)	(14.0, 3008.0)	(15.0, 3538.0)	(16.0, 4272.0)	(17.0, 5049.0)	(18.0, 6052.0)	(19.0, 7082.0)	(20.0, 8595.0)	(21.0, 11091.0)	(22.0, 13504.0)	(23.0, 18141.0)	(24.0, 24027.0)	(25.0, 33234.0)	(26.0, 45713.0)	(27.0, 61048.0)	(28.0, 81634.0)	(29.0, 106551.0)	(30.0, 138537.0)	(31.0, 181025.0)	(32.0, 238790.0)	(33.0, 324796.0)	(34.0, 466667.0)	(35.0, 757862.0)	(36.0, 1747448.0)	(37.0, 15965395.0)
20150415.B-CAMA_reseq_23_R2	(2.0, 20456.0)	(3.0, 3387.0)	(4.0, 1715.0)	(5.0, 1780.0)	(6.0, 1965.0)	(7.0, 1993.0)	(8.0, 2542.0)	(9.0, 3005.0)	(10.0, 3610.0)	(11.0, 4209.0)	(12.0, 5118.0)	(13.0, 6181.0)	(14.0, 7512.0)	(15.0, 9462.0)	(16.0, 11732.0)	(17.0, 14472.0)	(18.0, 18131.0)	(19.0, 22875.0)	(20.0, 28204.0)	(21.0, 35420.0)	(22.0, 44723.0)	(23.0, 54508.0)	(24.0, 66334.0)	(25.0, 80049.0)	(26.0, 96284.0)	(27.0, 113596.0)	(28.0, 134901.0)	(29.0, 159361.0)	(30.0, 193219.0)	(31.0, 239898.0)	(32.0, 308399.0)	(33.0, 413887.0)	(34.0, 594842.0)	(35.0, 978771.0)	(36.0, 2245330.0)	(37.0, 14334532.0)
20150415.B-CAMA_reseq_24_R1	(2.0, 33.0)	(3.0, 39.0)	(4.0, 46.0)	(5.0, 61.0)	(6.0, 114.0)	(7.0, 211.0)	(8.0, 593.0)	(9.0, 769.0)	(10.0, 984.0)	(11.0, 1142.0)	(12.0, 1515.0)	(13.0, 1852.0)	(14.0, 2261.0)	(15.0, 2769.0)	(16.0, 3252.0)	(17.0, 3893.0)	(18.0, 4792.0)	(19.0, 5541.0)	(20.0, 6783.0)	(21.0, 8520.0)	(22.0, 10131.0)	(23.0, 13542.0)	(24.0, 19195.0)	(25.0, 26664.0)	(26.0, 37239.0)	(27.0, 50997.0)	(28.0, 67631.0)	(29.0, 89056.0)	(30.0, 116803.0)	(31.0, 152292.0)	(32.0, 202774.0)	(33.0, 277873.0)	(34.0, 403869.0)	(35.0, 653302.0)	(36.0, 1521666.0)	(37.0, 14479236.0)
20150415.B-CAMA_reseq_24_R2	(2.0, 20741.0)	(3.0, 3332.0)	(4.0, 1771.0)	(5.0, 1620.0)	(6.0, 1692.0)	(7.0, 1699.0)	(8.0, 2028.0)	(9.0, 2463.0)	(10.0, 2872.0)	(11.0, 3460.0)	(12.0, 4115.0)	(13.0, 4900.0)	(14.0, 5860.0)	(15.0, 7219.0)	(16.0, 8802.0)	(17.0, 11069.0)	(18.0, 13483.0)	(19.0, 17050.0)	(20.0, 20854.0)	(21.0, 25880.0)	(22.0, 32662.0)	(23.0, 41055.0)	(24.0, 49952.0)	(25.0, 61153.0)	(26.0, 73921.0)	(27.0, 88617.0)	(28.0, 106355.0)	(29.0, 127947.0)	(30.0, 156032.0)	(31.0, 196121.0)	(32.0, 255556.0)	(33.0, 347983.0)	(34.0, 509437.0)	(35.0, 854778.0)	(36.0, 2006004.0)	(37.0, 13098957.0)
20150415.B-CAMA_reseq_25_R1	(2.0, 59.0)	(3.0, 62.0)	(4.0, 64.0)	(5.0, 92.0)	(6.0, 152.0)	(7.0, 290.0)	(8.0, 790.0)	(9.0, 1085.0)	(10.0, 1471.0)	(11.0, 1727.0)	(12.0, 2368.0)	(13.0, 2742.0)	(14.0, 3674.0)	(15.0, 4587.0)	(16.0, 5623.0)	(17.0, 6862.0)	(18.0, 8386.0)	(19.0, 10063.0)	(20.0, 12472.0)	(21.0, 15522.0)	(22.0, 20254.0)	(23.0, 27418.0)	(24.0, 37909.0)	(25.0, 52997.0)	(26.0, 72011.0)	(27.0, 96649.0)	(28.0, 126722.0)	(29.0, 164993.0)	(30.0, 213110.0)	(31.0, 280439.0)	(32.0, 375597.0)	(33.0, 524985.0)	(34.0, 794781.0)	(35.0, 1363770.0)	(36.0, 3243088.0)	(37.0, 12633130.0)
20150415.B-CAMA_reseq_25_R2	(2.0, 23785.0)	(3.0, 4546.0)	(4.0, 2746.0)	(5.0, 2675.0)	(6.0, 2792.0)	(7.0, 2793.0)	(8.0, 3306.0)	(9.0, 3847.0)	(10.0, 4510.0)	(11.0, 5311.0)	(12.0, 6534.0)	(13.0, 7805.0)	(14.0, 9529.0)	(15.0, 12309.0)	(16.0, 15953.0)	(17.0, 20101.0)	(18.0, 26222.0)	(19.0, 33329.0)	(20.0, 42308.0)	(21.0, 53416.0)	(22.0, 66914.0)	(23.0, 82080.0)	(24.0, 97915.0)	(25.0, 117354.0)	(26.0, 138402.0)	(27.0, 162091.0)	(28.0, 189166.0)	(29.0, 221066.0)	(30.0, 263603.0)	(31.0, 320795.0)	(32.0, 403583.0)	(33.0, 531545.0)	(34.0, 747353.0)	(35.0, 1187112.0)	(36.0, 2534774.0)	(37.0, 12758374.0)
20150415.B-CAMA_reseq_26_R1	(2.0, 49.0)	(3.0, 60.0)	(4.0, 61.0)	(5.0, 96.0)	(6.0, 130.0)	(7.0, 287.0)	(8.0, 639.0)	(9.0, 901.0)	(10.0, 1205.0)	(11.0, 1456.0)	(12.0, 1876.0)	(13.0, 2303.0)	(14.0, 2825.0)	(15.0, 3451.0)	(16.0, 4224.0)	(17.0, 4991.0)	(18.0, 6034.0)	(19.0, 7316.0)	(20.0, 8902.0)	(21.0, 10774.0)	(22.0, 14041.0)	(23.0, 18830.0)	(24.0, 25992.0)	(25.0, 36405.0)	(26.0, 51158.0)	(27.0, 69143.0)	(28.0, 91894.0)	(29.0, 120233.0)	(30.0, 157268.0)	(31.0, 204033.0)	(32.0, 269753.0)	(33.0, 367711.0)	(34.0, 529162.0)	(35.0, 858152.0)	(36.0, 1954071.0)	(37.0, 15295428.0)
20150415.B-CAMA_reseq_26_R2	(2.0, 24101.0)	(3.0, 5054.0)	(4.0, 3254.0)	(5.0, 3090.0)	(6.0, 3246.0)	(7.0, 3307.0)	(8.0, 3760.0)	(9.0, 4414.0)	(10.0, 5096.0)	(11.0, 5967.0)	(12.0, 7184.0)	(13.0, 8528.0)	(14.0, 10696.0)	(15.0, 13437.0)	(16.0, 17348.0)	(17.0, 21857.0)	(18.0, 28282.0)	(19.0, 35838.0)	(20.0, 44778.0)	(21.0, 56150.0)	(22.0, 68719.0)	(23.0, 82875.0)	(24.0, 99698.0)	(25.0, 117434.0)	(26.0, 137269.0)	(27.0, 160454.0)	(28.0, 185704.0)	(29.0, 215536.0)	(30.0, 256171.0)	(31.0, 309938.0)	(32.0, 389527.0)	(33.0, 512424.0)	(34.0, 717939.0)	(35.0, 1142479.0)	(36.0, 2458254.0)	(37.0, 12961046.0)
20150415.B-CAMA_reseq_2_R1	(2.0, 32.0)	(3.0, 52.0)	(4.0, 72.0)	(5.0, 77.0)	(6.0, 132.0)	(7.0, 230.0)	(8.0, 610.0)	(9.0, 889.0)	(10.0, 1127.0)	(11.0, 1266.0)	(12.0, 1660.0)	(13.0, 2008.0)	(14.0, 2535.0)	(15.0, 2959.0)	(16.0, 3861.0)	(17.0, 4568.0)	(18.0, 5576.0)	(19.0, 6314.0)	(20.0, 7642.0)	(21.0, 9291.0)	(22.0, 11485.0)	(23.0, 14978.0)	(24.0, 20094.0)	(25.0, 27798.0)	(26.0, 37862.0)	(27.0, 50759.0)	(28.0, 67399.0)	(29.0, 87332.0)	(30.0, 113435.0)	(31.0, 147578.0)	(32.0, 193123.0)	(33.0, 261571.0)	(34.0, 374018.0)	(35.0, 597999.0)	(36.0, 1290410.0)	(37.0, 13799302.0)
20150415.B-CAMA_reseq_2_R2	(2.0, 21114.0)	(3.0, 3215.0)	(4.0, 2428.0)	(5.0, 2149.0)	(6.0, 2078.0)	(7.0, 2301.0)	(8.0, 2638.0)	(9.0, 3077.0)	(10.0, 3686.0)	(11.0, 4333.0)	(12.0, 5197.0)	(13.0, 6347.0)	(14.0, 7821.0)	(15.0, 9712.0)	(16.0, 11492.0)	(17.0, 14082.0)	(18.0, 17572.0)	(19.0, 21661.0)	(20.0, 27182.0)	(21.0, 34356.0)	(22.0, 42770.0)	(23.0, 52784.0)	(24.0, 64352.0)	(25.0, 77091.0)	(26.0, 90364.0)	(27.0, 105810.0)	(28.0, 123499.0)	(29.0, 144880.0)	(30.0, 170255.0)	(31.0, 208285.0)	(32.0, 261928.0)	(33.0, 343196.0)	(34.0, 480824.0)	(35.0, 758399.0)	(36.0, 1608263.0)	(37.0, 12410903.0)
20150415.B-CAMA_reseq_3_R1	(2.0, 63.0)	(3.0, 65.0)	(4.0, 61.0)	(5.0, 69.0)	(6.0, 130.0)	(7.0, 269.0)	(8.0, 729.0)	(9.0, 1000.0)	(10.0, 1256.0)	(11.0, 1490.0)	(12.0, 1882.0)	(13.0, 2315.0)	(14.0, 2903.0)	(15.0, 3525.0)	(16.0, 4542.0)	(17.0, 5405.0)	(18.0, 6413.0)	(19.0, 7554.0)	(20.0, 9008.0)	(21.0, 10966.0)	(22.0, 13594.0)	(23.0, 17491.0)	(24.0, 23998.0)	(25.0, 32996.0)	(26.0, 45064.0)	(27.0, 60724.0)	(28.0, 80359.0)	(29.0, 103801.0)	(30.0, 135207.0)	(31.0, 175079.0)	(32.0, 230994.0)	(33.0, 311866.0)	(34.0, 446971.0)	(35.0, 719178.0)	(36.0, 1555580.0)	(37.0, 14701774.0)
20150415.B-CAMA_reseq_3_R2	(2.0, 21857.0)	(3.0, 3418.0)	(4.0, 2664.0)	(5.0, 2554.0)	(6.0, 2425.0)	(7.0, 2642.0)	(8.0, 3110.0)	(9.0, 3615.0)	(10.0, 4267.0)	(11.0, 4971.0)	(12.0, 5916.0)	(13.0, 7139.0)	(14.0, 8757.0)	(15.0, 10580.0)	(16.0, 12786.0)	(17.0, 15685.0)	(18.0, 19340.0)	(19.0, 23662.0)	(20.0, 29814.0)	(21.0, 37255.0)	(22.0, 46858.0)	(23.0, 57649.0)	(24.0, 69578.0)	(25.0, 83225.0)	(26.0, 98642.0)	(27.0, 116190.0)	(28.0, 136497.0)	(29.0, 160702.0)	(30.0, 190926.0)	(31.0, 232371.0)	(32.0, 294155.0)	(33.0, 388110.0)	(34.0, 543483.0)	(35.0, 858123.0)	(36.0, 1814011.0)	(37.0, 13401344.0)
20150415.B-CAMA_reseq_4_R1	(2.0, 56.0)	(3.0, 54.0)	(4.0, 61.0)	(5.0, 73.0)	(6.0, 119.0)	(7.0, 262.0)	(8.0, 584.0)	(9.0, 813.0)	(10.0, 1129.0)	(11.0, 1314.0)	(12.0, 1644.0)	(13.0, 1952.0)	(14.0, 2554.0)	(15.0, 3203.0)	(16.0, 4010.0)	(17.0, 4712.0)	(18.0, 5704.0)	(19.0, 6577.0)	(20.0, 8188.0)	(21.0, 9789.0)	(22.0, 11920.0)	(23.0, 15652.0)	(24.0, 21251.0)	(25.0, 29314.0)	(26.0, 39320.0)	(27.0, 53247.0)	(28.0, 70570.0)	(29.0, 91953.0)	(30.0, 120381.0)	(31.0, 155610.0)	(32.0, 205481.0)	(33.0, 278786.0)	(34.0, 400227.0)	(35.0, 645138.0)	(36.0, 1412266.0)	(37.0, 13955553.0)
20150415.B-CAMA_reseq_4_R2	(2.0, 18740.0)	(3.0, 2448.0)	(4.0, 1886.0)	(5.0, 1736.0)	(6.0, 1766.0)	(7.0, 1925.0)	(8.0, 2322.0)	(9.0, 2885.0)	(10.0, 3422.0)	(11.0, 4011.0)	(12.0, 4676.0)	(13.0, 5959.0)	(14.0, 7532.0)	(15.0, 8966.0)	(16.0, 10991.0)	(17.0, 13370.0)	(18.0, 16866.0)	(19.0, 20531.0)	(20.0, 25743.0)	(21.0, 32683.0)	(22.0, 40905.0)	(23.0, 49953.0)	(24.0, 61354.0)	(25.0, 74216.0)	(26.0, 87550.0)	(27.0, 102907.0)	(28.0, 120955.0)	(29.0, 142148.0)	(30.0, 170082.0)	(31.0, 207475.0)	(32.0, 262510.0)	(33.0, 346503.0)	(34.0, 486061.0)	(35.0, 770858.0)	(36.0, 1637378.0)	(37.0, 12810154.0)
20150415.B-CAMA_reseq_5_R1	(2.0, 57.0)	(3.0, 72.0)	(4.0, 89.0)	(5.0, 104.0)	(6.0, 157.0)	(7.0, 328.0)	(8.0, 812.0)	(9.0, 1101.0)	(10.0, 1374.0)	(11.0, 1631.0)	(12.0, 2042.0)	(13.0, 2619.0)	(14.0, 3203.0)	(15.0, 4080.0)	(16.0, 4931.0)	(17.0, 5994.0)	(18.0, 7164.0)	(19.0, 8285.0)	(20.0, 10296.0)	(21.0, 12172.0)	(22.0, 15235.0)	(23.0, 19771.0)	(24.0, 26789.0)	(25.0, 37096.0)	(26.0, 50263.0)	(27.0, 67653.0)	(28.0, 89456.0)	(29.0, 116079.0)	(30.0, 150841.0)	(31.0, 194875.0)	(32.0, 255666.0)	(33.0, 345481.0)	(34.0, 493939.0)	(35.0, 789950.0)	(36.0, 1708052.0)	(37.0, 17247741.0)
20150415.B-CAMA_reseq_5_R2	(2.0, 24311.0)	(3.0, 3552.0)	(4.0, 2934.0)	(5.0, 2642.0)	(6.0, 2693.0)	(7.0, 2949.0)	(8.0, 3486.0)	(9.0, 3998.0)	(10.0, 4749.0)	(11.0, 5547.0)	(12.0, 6688.0)	(13.0, 8150.0)	(14.0, 10223.0)	(15.0, 12234.0)	(16.0, 14970.0)	(17.0, 18918.0)	(18.0, 23251.0)	(19.0, 28936.0)	(20.0, 36229.0)	(21.0, 45358.0)	(22.0, 56641.0)	(23.0, 69666.0)	(24.0, 84634.0)	(25.0, 100684.0)	(26.0, 118896.0)	(27.0, 139502.0)	(28.0, 162150.0)	(29.0, 189400.0)	(30.0, 224747.0)	(31.0, 272781.0)	(32.0, 341293.0)	(33.0, 446879.0)	(34.0, 623022.0)	(35.0, 984559.0)	(36.0, 2074671.0)	(37.0, 15524055.0)
20150415.B-CAMA_reseq_6_R1	(2.0, 82.0)	(3.0, 54.0)	(4.0, 68.0)	(5.0, 83.0)	(6.0, 139.0)	(7.0, 306.0)	(8.0, 770.0)	(9.0, 940.0)	(10.0, 1182.0)	(11.0, 1409.0)	(12.0, 1869.0)	(13.0, 2197.0)	(14.0, 2859.0)	(15.0, 3357.0)	(16.0, 4270.0)	(17.0, 5131.0)	(18.0, 6261.0)	(19.0, 7186.0)	(20.0, 8846.0)	(21.0, 10753.0)	(22.0, 13018.0)	(23.0, 17047.0)	(24.0, 23286.0)	(25.0, 31918.0)	(26.0, 43643.0)	(27.0, 58880.0)	(28.0, 78714.0)	(29.0, 101907.0)	(30.0, 133470.0)	(31.0, 173193.0)	(32.0, 228175.0)	(33.0, 311568.0)	(34.0, 444862.0)	(35.0, 716991.0)	(36.0, 1563726.0)	(37.0, 14749955.0)
20150415.B-CAMA_reseq_6_R2	(2.0, 21598.0)	(3.0, 3257.0)	(4.0, 2582.0)	(5.0, 2328.0)	(6.0, 2332.0)	(7.0, 2433.0)	(8.0, 2838.0)	(9.0, 3471.0)	(10.0, 4082.0)	(11.0, 4599.0)	(12.0, 5615.0)	(13.0, 6783.0)	(14.0, 8507.0)	(15.0, 10231.0)	(16.0, 12626.0)	(17.0, 15398.0)	(18.0, 19480.0)	(19.0, 23807.0)	(20.0, 30330.0)	(21.0, 37745.0)	(22.0, 47469.0)	(23.0, 58389.0)	(24.0, 70810.0)	(25.0, 84935.0)	(26.0, 100464.0)	(27.0, 117752.0)	(28.0, 138108.0)	(29.0, 162006.0)	(30.0, 193313.0)	(31.0, 234606.0)	(32.0, 296161.0)	(33.0, 388013.0)	(34.0, 543523.0)	(35.0, 859061.0)	(36.0, 1805505.0)	(37.0, 13427958.0)
20150415.B-CAMA_reseq_7_R1	(2.0, 77.0)	(3.0, 74.0)	(4.0, 93.0)	(5.0, 104.0)	(6.0, 178.0)	(7.0, 345.0)	(8.0, 921.0)	(9.0, 1223.0)	(10.0, 1571.0)	(11.0, 1745.0)	(12.0, 2321.0)	(13.0, 2710.0)	(14.0, 3525.0)	(15.0, 4303.0)	(16.0, 5409.0)	(17.0, 6418.0)	(18.0, 7734.0)	(19.0, 9128.0)	(20.0, 10906.0)	(21.0, 13292.0)	(22.0, 16520.0)	(23.0, 21227.0)	(24.0, 28814.0)	(25.0, 39446.0)	(26.0, 53816.0)	(27.0, 72605.0)	(28.0, 95621.0)	(29.0, 124609.0)	(30.0, 160992.0)	(31.0, 209218.0)	(32.0, 274689.0)	(33.0, 370923.0)	(34.0, 527920.0)	(35.0, 844061.0)	(36.0, 1820419.0)	(37.0, 17721294.0)
20150415.B-CAMA_reseq_7_R2	(2.0, 25526.0)	(3.0, 3798.0)	(4.0, 3008.0)	(5.0, 2690.0)	(6.0, 2691.0)	(7.0, 2932.0)	(8.0, 3512.0)	(9.0, 4149.0)	(10.0, 4944.0)	(11.0, 5898.0)	(12.0, 6887.0)	(13.0, 8491.0)	(14.0, 10582.0)	(15.0, 12846.0)	(16.0, 15489.0)	(17.0, 19256.0)	(18.0, 24467.0)	(19.0, 29965.0)	(20.0, 36712.0)	(21.0, 46930.0)	(22.0, 58285.0)	(23.0, 71310.0)	(24.0, 87491.0)	(25.0, 103937.0)	(26.0, 122650.0)	(27.0, 143693.0)	(28.0, 168728.0)	(29.0, 196779.0)	(30.0, 233244.0)	(31.0, 283977.0)	(32.0, 355907.0)	(33.0, 467058.0)	(34.0, 652233.0)	(35.0, 1028066.0)	(36.0, 2155585.0)	(37.0, 16054535.0)
20150415.B-CAMA_reseq_8_R1	(2.0, 90.0)	(3.0, 76.0)	(4.0, 88.0)	(5.0, 97.0)	(6.0, 156.0)	(7.0, 308.0)	(8.0, 834.0)	(9.0, 1120.0)	(10.0, 1378.0)	(11.0, 1647.0)	(12.0, 2044.0)	(13.0, 2607.0)	(14.0, 3277.0)	(15.0, 4158.0)	(16.0, 5101.0)	(17.0, 6153.0)	(18.0, 7563.0)	(19.0, 8810.0)	(20.0, 10676.0)	(21.0, 12774.0)	(22.0, 15935.0)	(23.0, 20582.0)	(24.0, 28154.0)	(25.0, 39019.0)	(26.0, 53460.0)	(27.0, 71684.0)	(28.0, 94908.0)	(29.0, 123623.0)	(30.0, 160943.0)	(31.0, 207849.0)	(32.0, 271665.0)	(33.0, 367865.0)	(34.0, 525914.0)	(35.0, 847283.0)	(36.0, 1844012.0)	(37.0, 17645401.0)
20150415.B-CAMA_reseq_8_R2	(2.0, 22959.0)	(3.0, 3254.0)	(4.0, 2622.0)	(5.0, 2464.0)	(6.0, 2565.0)	(7.0, 2778.0)	(8.0, 3466.0)	(9.0, 3837.0)	(10.0, 4643.0)	(11.0, 5468.0)	(12.0, 6493.0)	(13.0, 8016.0)	(14.0, 10317.0)	(15.0, 12639.0)	(16.0, 15716.0)	(17.0, 19029.0)	(18.0, 24034.0)	(19.0, 29832.0)	(20.0, 37561.0)	(21.0, 47147.0)	(22.0, 59178.0)	(23.0, 71699.0)	(24.0, 87348.0)	(25.0, 104443.0)	(26.0, 122652.0)	(27.0, 144082.0)	(28.0, 167928.0)	(29.0, 197571.0)	(30.0, 233224.0)	(31.0, 283262.0)	(32.0, 354645.0)	(33.0, 465573.0)	(34.0, 647990.0)	(35.0, 1022148.0)	(36.0, 2152236.0)	(37.0, 16008435.0)
20150415.B-CAMA_reseq_9_R1	(2.0, 62.0)	(3.0, 74.0)	(4.0, 56.0)	(5.0, 94.0)	(6.0, 159.0)	(7.0, 312.0)	(8.0, 752.0)	(9.0, 1035.0)	(10.0, 1304.0)	(11.0, 1487.0)	(12.0, 1960.0)	(13.0, 2423.0)	(14.0, 2966.0)	(15.0, 3720.0)	(16.0, 4694.0)	(17.0, 5453.0)	(18.0, 6547.0)	(19.0, 7704.0)	(20.0, 9402.0)	(21.0, 11093.0)	(22.0, 13822.0)	(23.0, 18067.0)	(24.0, 24939.0)	(25.0, 34223.0)	(26.0, 46555.0)	(27.0, 62537.0)	(28.0, 82788.0)	(29.0, 107863.0)	(30.0, 140411.0)	(31.0, 180911.0)	(32.0, 237113.0)	(33.0, 318986.0)	(34.0, 454089.0)	(35.0, 724464.0)	(36.0, 1552023.0)	(37.0, 14982592.0)
20150415.B-CAMA_reseq_9_R2	(2.0, 20070.0)	(3.0, 2884.0)	(4.0, 2364.0)	(5.0, 2222.0)	(6.0, 2264.0)	(7.0, 2447.0)	(8.0, 3025.0)	(9.0, 3552.0)	(10.0, 4354.0)	(11.0, 5106.0)	(12.0, 6053.0)	(13.0, 7402.0)	(14.0, 9489.0)	(15.0, 11630.0)	(16.0, 14372.0)	(17.0, 17934.0)	(18.0, 22783.0)	(19.0, 28105.0)	(20.0, 35483.0)	(21.0, 44904.0)	(22.0, 55770.0)	(23.0, 68541.0)	(24.0, 82958.0)	(25.0, 98008.0)	(26.0, 115087.0)	(27.0, 133647.0)	(28.0, 154716.0)	(29.0, 180652.0)	(30.0, 212963.0)	(31.0, 255703.0)	(32.0, 317874.0)	(33.0, 414023.0)	(34.0, 572530.0)	(35.0, 894745.0)	(36.0, 1864909.0)	(37.0, 13374111.0)
