Sample	0	1	2	3	4	5	6	7	8	9	10	11	12	13	14	15	16	17	18	19	20	21	22	23	24	25
20150415.B-CAMA_reseq_10_R1	(0, 698.0)	(5, 405.0)	(10, 411.0)	(15, 398.0)	(20, 392.0)	(25, 429.0)	(30, 18532.0)	(35, 21963.0)	(40, 20616.0)	(45, 19343.0)	(50, 18486.0)	(55, 19011.0)	(60, 19419.0)	(65, 19178.0)	(70, 18749.0)	(75, 18320.0)	(80, 18078.0)	(85, 17753.0)	(90, 17479.0)	(95, 18809.0)	(100, 18464.0)	(105, 16844.0)	(110, 17038.0)	(115, 57810.0)	(120, 72681.0)	(125, 19523305.0)
20150415.B-CAMA_reseq_10_R2	(0, 322.0)	(5, 409.0)	(10, 412.0)	(15, 445.0)	(20, 403.0)	(25, 424.0)	(30, 18576.0)	(35, 21958.0)	(40, 20612.0)	(45, 19321.0)	(50, 18534.0)	(55, 18991.0)	(60, 19399.0)	(65, 19189.0)	(70, 18700.0)	(75, 18322.0)	(80, 18094.0)	(85, 17788.0)	(90, 17459.0)	(95, 18916.0)	(100, 18485.0)	(105, 16877.0)	(110, 16996.0)	(115, 57406.0)	(120, 71765.0)	(125, 19524808.0)
20150415.B-CAMA_reseq_11_R1	(0, 568.0)	(5, 379.0)	(10, 375.0)	(15, 416.0)	(20, 400.0)	(25, 411.0)	(30, 17419.0)	(35, 20607.0)	(40, 19353.0)	(45, 18931.0)	(50, 17842.0)	(55, 18779.0)	(60, 18738.0)	(65, 18476.0)	(70, 18167.0)	(75, 17726.0)	(80, 17214.0)	(85, 17300.0)	(90, 16948.0)	(95, 18303.0)	(100, 18074.0)	(105, 16306.0)	(110, 16615.0)	(115, 54527.0)	(120, 67326.0)	(125, 18214118.0)
20150415.B-CAMA_reseq_11_R2	(0, 324.0)	(5, 436.0)	(10, 400.0)	(15, 395.0)	(20, 408.0)	(25, 416.0)	(30, 17436.0)	(35, 20636.0)	(40, 19362.0)	(45, 18906.0)	(50, 17808.0)	(55, 18746.0)	(60, 18705.0)	(65, 18471.0)	(70, 18204.0)	(75, 17755.0)	(80, 17201.0)	(85, 17346.0)	(90, 16928.0)	(95, 18315.0)	(100, 18071.0)	(105, 16299.0)	(110, 16585.0)	(115, 54525.0)	(120, 67491.0)	(125, 18214149.0)
20150415.B-CAMA_reseq_12_R1	(0, 619.0)	(5, 354.0)	(10, 348.0)	(15, 383.0)	(20, 400.0)	(25, 400.0)	(30, 14395.0)	(35, 16512.0)	(40, 15182.0)	(45, 14336.0)	(50, 13748.0)	(55, 13925.0)	(60, 14362.0)	(65, 13849.0)	(70, 13783.0)	(75, 13543.0)	(80, 13347.0)	(85, 12916.0)	(90, 13143.0)	(95, 14314.0)	(100, 14341.0)	(105, 12825.0)	(110, 13514.0)	(115, 49707.0)	(120, 62354.0)	(125, 17105336.0)
20150415.B-CAMA_reseq_12_R2	(0, 296.0)	(5, 371.0)	(10, 358.0)	(15, 370.0)	(20, 362.0)	(25, 361.0)	(30, 14364.0)	(35, 16509.0)	(40, 15202.0)	(45, 14366.0)	(50, 13725.0)	(55, 13936.0)	(60, 14355.0)	(65, 13837.0)	(70, 13752.0)	(75, 13582.0)	(80, 13311.0)	(85, 12952.0)	(90, 13102.0)	(95, 14306.0)	(100, 14325.0)	(105, 12831.0)	(110, 13496.0)	(115, 49229.0)	(120, 61681.0)	(125, 17106957.0)
20150415.B-CAMA_reseq_13_R1	(0, 514.0)	(5, 408.0)	(10, 422.0)	(15, 419.0)	(20, 388.0)	(25, 431.0)	(30, 17081.0)	(35, 19863.0)	(40, 18218.0)	(45, 17181.0)	(50, 16126.0)	(55, 16351.0)	(60, 16505.0)	(65, 15932.0)	(70, 15485.0)	(75, 15287.0)	(80, 15096.0)	(85, 14775.0)	(90, 14676.0)	(95, 15623.0)	(100, 15497.0)	(105, 13858.0)	(110, 14018.0)	(115, 52777.0)	(120, 67014.0)	(125, 18509962.0)
20150415.B-CAMA_reseq_13_R2	(0, 348.0)	(5, 420.0)	(10, 433.0)	(15, 446.0)	(20, 460.0)	(25, 478.0)	(30, 17101.0)	(35, 19901.0)	(40, 18185.0)	(45, 17200.0)	(50, 16084.0)	(55, 16283.0)	(60, 16451.0)	(65, 15926.0)	(70, 15468.0)	(75, 15300.0)	(80, 15133.0)	(85, 14774.0)	(90, 14685.0)	(95, 15707.0)	(100, 15457.0)	(105, 13818.0)	(110, 14023.0)	(115, 52641.0)	(120, 66329.0)	(125, 18510856.0)
20150415.B-CAMA_reseq_14_R1	(0, 418.0)	(5, 347.0)	(10, 320.0)	(15, 319.0)	(20, 317.0)	(25, 375.0)	(30, 12099.0)	(35, 14073.0)	(40, 12748.0)	(45, 11843.0)	(50, 11184.0)	(55, 11311.0)	(60, 11186.0)	(65, 10782.0)	(70, 10634.0)	(75, 10466.0)	(80, 10107.0)	(85, 9768.0)	(90, 9884.0)	(95, 11042.0)	(100, 10813.0)	(105, 9247.0)	(110, 9544.0)	(115, 41637.0)	(120, 53012.0)	(125, 15261234.0)
20150415.B-CAMA_reseq_14_R2	(0, 233.0)	(5, 296.0)	(10, 313.0)	(15, 324.0)	(20, 306.0)	(25, 338.0)	(30, 12141.0)	(35, 14085.0)	(40, 12769.0)	(45, 11882.0)	(50, 11194.0)	(55, 11315.0)	(60, 11188.0)	(65, 10777.0)	(70, 10621.0)	(75, 10469.0)	(80, 10116.0)	(85, 9792.0)	(90, 9844.0)	(95, 11103.0)	(100, 10837.0)	(105, 9211.0)	(110, 9540.0)	(115, 41283.0)	(120, 52176.0)	(125, 15262557.0)
20150415.B-CAMA_reseq_15_R1	(0, 481.0)	(5, 385.0)	(10, 370.0)	(15, 359.0)	(20, 379.0)	(25, 378.0)	(30, 14087.0)	(35, 16555.0)	(40, 15159.0)	(45, 14161.0)	(50, 13441.0)	(55, 13844.0)	(60, 13932.0)	(65, 13461.0)	(70, 13201.0)	(75, 13032.0)	(80, 12491.0)	(85, 12526.0)	(90, 11855.0)	(95, 13535.0)	(100, 13041.0)	(105, 11392.0)	(110, 11583.0)	(115, 47807.0)	(120, 60038.0)	(125, 17622549.0)
20150415.B-CAMA_reseq_15_R2	(0, 291.0)	(5, 351.0)	(10, 358.0)	(15, 344.0)	(20, 356.0)	(25, 410.0)	(30, 14132.0)	(35, 16592.0)	(40, 15168.0)	(45, 14184.0)	(50, 13451.0)	(55, 13809.0)	(60, 13902.0)	(65, 13446.0)	(70, 13218.0)	(75, 13064.0)	(80, 12487.0)	(85, 12549.0)	(90, 11855.0)	(95, 13475.0)	(100, 13076.0)	(105, 11372.0)	(110, 11539.0)	(115, 47780.0)	(120, 59625.0)	(125, 17623208.0)
20150415.B-CAMA_reseq_16_R1	(0, 294.0)	(5, 341.0)	(10, 381.0)	(15, 335.0)	(20, 379.0)	(25, 366.0)	(30, 14584.0)	(35, 16935.0)	(40, 15370.0)	(45, 14438.0)	(50, 13156.0)	(55, 13504.0)	(60, 13777.0)	(65, 13212.0)	(70, 12757.0)	(75, 12505.0)	(80, 12073.0)	(85, 11678.0)	(90, 11489.0)	(95, 12614.0)	(100, 12113.0)	(105, 10586.0)	(110, 10814.0)	(115, 37522.0)	(120, 47080.0)	(125, 16196221.0)
20150415.B-CAMA_reseq_16_R2	(0, 271.0)	(5, 337.0)	(10, 375.0)	(15, 379.0)	(20, 311.0)	(25, 366.0)	(30, 14633.0)	(35, 16915.0)	(40, 15408.0)	(45, 14467.0)	(50, 13138.0)	(55, 13508.0)	(60, 13790.0)	(65, 13216.0)	(70, 12748.0)	(75, 12492.0)	(80, 12090.0)	(85, 11698.0)	(90, 11478.0)	(95, 12529.0)	(100, 12170.0)	(105, 10654.0)	(110, 10801.0)	(115, 37422.0)	(120, 46469.0)	(125, 16196859.0)
20150415.B-CAMA_reseq_17_R1	(0, 437.0)	(5, 349.0)	(10, 323.0)	(15, 321.0)	(20, 355.0)	(25, 370.0)	(30, 14565.0)	(35, 17671.0)	(40, 17158.0)	(45, 16750.0)	(50, 16839.0)	(55, 17420.0)	(60, 17388.0)	(65, 17686.0)	(70, 17565.0)	(75, 17599.0)	(80, 17418.0)	(85, 17291.0)	(90, 17299.0)	(95, 18239.0)	(100, 18031.0)	(105, 16855.0)	(110, 16539.0)	(115, 50934.0)	(120, 62601.0)	(125, 16475805.0)
20150415.B-CAMA_reseq_17_R2	(0, 302.0)	(5, 355.0)	(10, 389.0)	(15, 359.0)	(20, 340.0)	(25, 357.0)	(30, 14563.0)	(35, 17648.0)	(40, 17165.0)	(45, 16752.0)	(50, 16824.0)	(55, 17395.0)	(60, 17415.0)	(65, 17714.0)	(70, 17587.0)	(75, 17581.0)	(80, 17407.0)	(85, 17321.0)	(90, 17256.0)	(95, 18293.0)	(100, 18070.0)	(105, 16802.0)	(110, 16577.0)	(115, 50691.0)	(120, 62506.0)	(125, 16476139.0)
20150415.B-CAMA_reseq_18_R1	(0, 489.0)	(5, 337.0)	(10, 370.0)	(15, 359.0)	(20, 375.0)	(25, 349.0)	(30, 13527.0)	(35, 16146.0)	(40, 15581.0)	(45, 15358.0)	(50, 15032.0)	(55, 16099.0)	(60, 16544.0)	(65, 16804.0)	(70, 16779.0)	(75, 16850.0)	(80, 16920.0)	(85, 16925.0)	(90, 16850.0)	(95, 18363.0)	(100, 18276.0)	(105, 16586.0)	(110, 17125.0)	(115, 52077.0)	(120, 63983.0)	(125, 16656930.0)
20150415.B-CAMA_reseq_18_R2	(0, 268.0)	(5, 322.0)	(10, 328.0)	(15, 363.0)	(20, 383.0)	(25, 430.0)	(30, 13516.0)	(35, 16125.0)	(40, 15581.0)	(45, 15336.0)	(50, 15061.0)	(55, 16093.0)	(60, 16548.0)	(65, 16773.0)	(70, 16768.0)	(75, 16865.0)	(80, 16926.0)	(85, 16929.0)	(90, 16869.0)	(95, 18394.0)	(100, 18355.0)	(105, 16544.0)	(110, 17110.0)	(115, 51454.0)	(120, 63359.0)	(125, 16658334.0)
20150415.B-CAMA_reseq_19_R1	(0, 669.0)	(5, 500.0)	(10, 548.0)	(15, 513.0)	(20, 554.0)	(25, 511.0)	(30, 27640.0)	(35, 33589.0)	(40, 32044.0)	(45, 31364.0)	(50, 30531.0)	(55, 30510.0)	(60, 31135.0)	(65, 30647.0)	(70, 29826.0)	(75, 29438.0)	(80, 28836.0)	(85, 28418.0)	(90, 28189.0)	(95, 29176.0)	(100, 28393.0)	(105, 25883.0)	(110, 25627.0)	(115, 77205.0)	(120, 95558.0)	(125, 25187905.0)
20150415.B-CAMA_reseq_19_R2	(0, 461.0)	(5, 525.0)	(10, 497.0)	(15, 562.0)	(20, 519.0)	(25, 561.0)	(30, 27655.0)	(35, 33588.0)	(40, 32008.0)	(45, 31419.0)	(50, 30467.0)	(55, 30559.0)	(60, 31140.0)	(65, 30673.0)	(70, 29884.0)	(75, 29437.0)	(80, 28882.0)	(85, 28482.0)	(90, 28161.0)	(95, 29170.0)	(100, 28476.0)	(105, 25853.0)	(110, 25555.0)	(115, 76856.0)	(120, 94996.0)	(125, 25188823.0)
20150415.B-CAMA_reseq_1_R1	(0, 611.0)	(5, 397.0)	(10, 429.0)	(15, 440.0)	(20, 411.0)	(25, 400.0)	(30, 17845.0)	(35, 21025.0)	(40, 19695.0)	(45, 18698.0)	(50, 17526.0)	(55, 17959.0)	(60, 17811.0)	(65, 17353.0)	(70, 16895.0)	(75, 16142.0)	(80, 15572.0)	(85, 15350.0)	(90, 15114.0)	(95, 16383.0)	(100, 15756.0)	(105, 14039.0)	(110, 14140.0)	(115, 53697.0)	(120, 66368.0)	(125, 18956840.0)
20150415.B-CAMA_reseq_1_R2	(0, 350.0)	(5, 411.0)	(10, 428.0)	(15, 425.0)	(20, 420.0)	(25, 443.0)	(30, 17799.0)	(35, 21023.0)	(40, 19650.0)	(45, 18711.0)	(50, 17562.0)	(55, 17957.0)	(60, 17824.0)	(65, 17330.0)	(70, 16892.0)	(75, 16143.0)	(80, 15569.0)	(85, 15347.0)	(90, 15043.0)	(95, 16350.0)	(100, 15719.0)	(105, 14044.0)	(110, 14095.0)	(115, 53058.0)	(120, 66149.0)	(125, 18958154.0)
20150415.B-CAMA_reseq_20_R1	(0, 692.0)	(5, 512.0)	(10, 483.0)	(15, 490.0)	(20, 495.0)	(25, 496.0)	(30, 20802.0)	(35, 24183.0)	(40, 22749.0)	(45, 21288.0)	(50, 19830.0)	(55, 20278.0)	(60, 20026.0)	(65, 19178.0)	(70, 18998.0)	(75, 18219.0)	(80, 17522.0)	(85, 17510.0)	(90, 17288.0)	(95, 18760.0)	(100, 18511.0)	(105, 16115.0)	(110, 17012.0)	(115, 63982.0)	(120, 80477.0)	(125, 22317151.0)
20150415.B-CAMA_reseq_20_R2	(0, 384.0)	(5, 481.0)	(10, 482.0)	(15, 478.0)	(20, 481.0)	(25, 553.0)	(30, 20834.0)	(35, 24181.0)	(40, 22773.0)	(45, 21269.0)	(50, 19875.0)	(55, 20278.0)	(60, 20076.0)	(65, 19186.0)	(70, 19002.0)	(75, 18221.0)	(80, 17490.0)	(85, 17436.0)	(90, 17319.0)	(95, 18901.0)	(100, 18590.0)	(105, 16133.0)	(110, 16987.0)	(115, 62944.0)	(120, 79251.0)	(125, 22319442.0)
20150415.B-CAMA_reseq_21_R1	(0, 824.0)	(5, 524.0)	(10, 542.0)	(15, 556.0)	(20, 545.0)	(25, 553.0)	(30, 20114.0)	(35, 23977.0)	(40, 23866.0)	(45, 23087.0)	(50, 22986.0)	(55, 24219.0)	(60, 24803.0)	(65, 25561.0)	(70, 25302.0)	(75, 25649.0)	(80, 25613.0)	(85, 25516.0)	(90, 25885.0)	(95, 27674.0)	(100, 27742.0)	(105, 25416.0)	(110, 25622.0)	(115, 77691.0)	(120, 95789.0)	(125, 24995931.0)
20150415.B-CAMA_reseq_21_R2	(0, 429.0)	(5, 545.0)	(10, 541.0)	(15, 515.0)	(20, 531.0)	(25, 582.0)	(30, 20064.0)	(35, 23986.0)	(40, 23879.0)	(45, 23106.0)	(50, 22973.0)	(55, 24239.0)	(60, 24813.0)	(65, 25514.0)	(70, 25319.0)	(75, 25643.0)	(80, 25586.0)	(85, 25554.0)	(90, 25849.0)	(95, 27739.0)	(100, 27700.0)	(105, 25439.0)	(110, 25570.0)	(115, 77195.0)	(120, 94434.0)	(125, 24998242.0)
20150415.B-CAMA_reseq_22_R1	(0, 624.0)	(5, 441.0)	(10, 435.0)	(15, 466.0)	(20, 452.0)	(25, 476.0)	(30, 18514.0)	(35, 22767.0)	(40, 21970.0)	(45, 21634.0)	(50, 21360.0)	(55, 22477.0)	(60, 23407.0)	(65, 23206.0)	(70, 23232.0)	(75, 23170.0)	(80, 23252.0)	(85, 22635.0)	(90, 22630.0)	(95, 24386.0)	(100, 24184.0)	(105, 21549.0)	(110, 21882.0)	(115, 64649.0)	(120, 79480.0)	(125, 20722474.0)
20150415.B-CAMA_reseq_22_R2	(0, 316.0)	(5, 413.0)	(10, 445.0)	(15, 475.0)	(20, 446.0)	(25, 488.0)	(30, 18495.0)	(35, 22802.0)	(40, 21979.0)	(45, 21625.0)	(50, 21368.0)	(55, 22409.0)	(60, 23399.0)	(65, 23197.0)	(70, 23190.0)	(75, 23166.0)	(80, 23230.0)	(85, 22692.0)	(90, 22602.0)	(95, 24414.0)	(100, 24188.0)	(105, 21574.0)	(110, 21876.0)	(115, 64243.0)	(120, 78323.0)	(125, 20724397.0)
20150415.B-CAMA_reseq_23_R1	(0, 346.0)	(5, 391.0)	(10, 421.0)	(15, 451.0)	(20, 469.0)	(25, 751.0)	(30, 13008.0)	(35, 16910.0)	(40, 17434.0)	(45, 19952.0)	(50, 22743.0)	(55, 27193.0)	(60, 32087.0)	(65, 36446.0)	(70, 41268.0)	(75, 46517.0)	(80, 52257.0)	(85, 58320.0)	(90, 64991.0)	(95, 73120.0)	(100, 81585.0)	(105, 87434.0)	(110, 97502.0)	(115, 136820.0)	(120, 159427.0)	(125, 19174560.0)
20150415.B-CAMA_reseq_23_R2	(0, 340.0)	(5, 452.0)	(10, 426.0)	(15, 503.0)	(20, 448.0)	(25, 663.0)	(30, 13040.0)	(35, 16946.0)	(40, 17415.0)	(45, 19945.0)	(50, 22699.0)	(55, 27119.0)	(60, 32105.0)	(65, 36399.0)	(70, 41178.0)	(75, 46462.0)	(80, 52190.0)	(85, 58222.0)	(90, 64900.0)	(95, 73013.0)	(100, 81287.0)	(105, 87181.0)	(110, 97425.0)	(115, 146035.0)	(120, 170793.0)	(125, 19155217.0)
20150415.B-CAMA_reseq_24_R1	(0, 4678.0)	(5, 408.0)	(10, 372.0)	(15, 385.0)	(20, 422.0)	(25, 701.0)	(30, 10416.0)	(35, 13678.0)	(40, 16038.0)	(45, 19749.0)	(50, 24868.0)	(55, 32983.0)	(60, 42200.0)	(65, 51960.0)	(70, 63844.0)	(75, 76445.0)	(80, 90899.0)	(85, 105696.0)	(90, 122115.0)	(95, 139556.0)	(100, 155222.0)	(105, 170067.0)	(110, 186257.0)	(115, 235728.0)	(120, 262193.0)	(125, 16340560.0)
20150415.B-CAMA_reseq_24_R2	(0, 351.0)	(5, 346.0)	(10, 427.0)	(15, 375.0)	(20, 433.0)	(25, 669.0)	(30, 10329.0)	(35, 13667.0)	(40, 16034.0)	(45, 19701.0)	(50, 24829.0)	(55, 32950.0)	(60, 42158.0)	(65, 51899.0)	(70, 63759.0)	(75, 76236.0)	(80, 90825.0)	(85, 105479.0)	(90, 121853.0)	(95, 139186.0)	(100, 154957.0)	(105, 169645.0)	(110, 185683.0)	(115, 235014.0)	(120, 261578.0)	(125, 16349057.0)
20150415.B-CAMA_reseq_25_R1	(0, 600.0)	(5, 410.0)	(10, 432.0)	(15, 394.0)	(20, 400.0)	(25, 470.0)	(30, 15664.0)	(35, 19119.0)	(40, 18621.0)	(45, 18426.0)	(50, 18114.0)	(55, 18799.0)	(60, 19534.0)	(65, 19656.0)	(70, 19881.0)	(75, 19997.0)	(80, 20077.0)	(85, 19992.0)	(90, 20090.0)	(95, 21151.0)	(100, 21105.0)	(105, 19296.0)	(110, 19228.0)	(115, 60270.0)	(120, 73392.0)	(125, 19640826.0)
20150415.B-CAMA_reseq_25_R2	(0, 357.0)	(5, 371.0)	(10, 421.0)	(15, 422.0)	(20, 430.0)	(25, 420.0)	(30, 15664.0)	(35, 19131.0)	(40, 18633.0)	(45, 18415.0)	(50, 18081.0)	(55, 18767.0)	(60, 19494.0)	(65, 19635.0)	(70, 19878.0)	(75, 19946.0)	(80, 20021.0)	(85, 19983.0)	(90, 20117.0)	(95, 21246.0)	(100, 21053.0)	(105, 19308.0)	(110, 19212.0)	(115, 59803.0)	(120, 72837.0)	(125, 19642299.0)
20150415.B-CAMA_reseq_26_R1	(0, 591.0)	(5, 392.0)	(10, 365.0)	(15, 428.0)	(20, 386.0)	(25, 466.0)	(30, 13823.0)	(35, 16587.0)	(40, 16154.0)	(45, 15257.0)	(50, 14821.0)	(55, 16510.0)	(60, 17595.0)	(65, 17689.0)	(70, 17626.0)	(75, 17716.0)	(80, 17779.0)	(85, 17606.0)	(90, 17915.0)	(95, 19284.0)	(100, 19179.0)	(105, 17078.0)	(110, 17675.0)	(115, 59115.0)	(120, 75169.0)	(125, 19693648.0)
20150415.B-CAMA_reseq_26_R2	(0, 315.0)	(5, 405.0)	(10, 401.0)	(15, 388.0)	(20, 386.0)	(25, 433.0)	(30, 13845.0)	(35, 16567.0)	(40, 16163.0)	(45, 15297.0)	(50, 14820.0)	(55, 16498.0)	(60, 17600.0)	(65, 17652.0)	(70, 17565.0)	(75, 17737.0)	(80, 17775.0)	(85, 17667.0)	(90, 17906.0)	(95, 19264.0)	(100, 19188.0)	(105, 17128.0)	(110, 17700.0)	(115, 59000.0)	(120, 74232.0)	(125, 19694922.0)
20150415.B-CAMA_reseq_2_R1	(0, 531.0)	(5, 343.0)	(10, 372.0)	(15, 387.0)	(20, 385.0)	(25, 402.0)	(30, 13913.0)	(35, 16267.0)	(40, 15094.0)	(45, 14362.0)	(50, 13429.0)	(55, 13981.0)	(60, 13968.0)	(65, 13812.0)	(70, 13565.0)	(75, 13476.0)	(80, 12868.0)	(85, 12890.0)	(90, 12629.0)	(95, 13852.0)	(100, 13431.0)	(105, 11683.0)	(110, 12205.0)	(115, 47301.0)	(120, 59473.0)	(125, 16805425.0)
20150415.B-CAMA_reseq_2_R2	(0, 318.0)	(5, 354.0)	(10, 342.0)	(15, 391.0)	(20, 370.0)	(25, 399.0)	(30, 13927.0)	(35, 16285.0)	(40, 15099.0)	(45, 14365.0)	(50, 13412.0)	(55, 13932.0)	(60, 14013.0)	(65, 13825.0)	(70, 13586.0)	(75, 13490.0)	(80, 12860.0)	(85, 12919.0)	(90, 12657.0)	(95, 13899.0)	(100, 13422.0)	(105, 11648.0)	(110, 12193.0)	(115, 47197.0)	(120, 58995.0)	(125, 16806146.0)
20150415.B-CAMA_reseq_3_R1	(0, 631.0)	(5, 382.0)	(10, 406.0)	(15, 387.0)	(20, 415.0)	(25, 366.0)	(30, 16504.0)	(35, 19403.0)	(40, 18505.0)	(45, 17224.0)	(50, 16395.0)	(55, 16875.0)	(60, 17336.0)	(65, 17162.0)	(70, 16828.0)	(75, 16324.0)	(80, 16006.0)	(85, 15944.0)	(90, 15536.0)	(95, 16802.0)	(100, 16807.0)	(105, 14948.0)	(110, 15282.0)	(115, 52296.0)	(120, 65095.0)	(125, 18310462.0)
20150415.B-CAMA_reseq_3_R2	(0, 332.0)	(5, 363.0)	(10, 441.0)	(15, 416.0)	(20, 416.0)	(25, 463.0)	(30, 16497.0)	(35, 19431.0)	(40, 18537.0)	(45, 17255.0)	(50, 16381.0)	(55, 16877.0)	(60, 17315.0)	(65, 17160.0)	(70, 16818.0)	(75, 16299.0)	(80, 15991.0)	(85, 15895.0)	(90, 15593.0)	(95, 16962.0)	(100, 16707.0)	(105, 14957.0)	(110, 15244.0)	(115, 51725.0)	(120, 64348.0)	(125, 18311898.0)
20150415.B-CAMA_reseq_4_R1	(0, 717.0)	(5, 313.0)	(10, 339.0)	(15, 357.0)	(20, 367.0)	(25, 402.0)	(30, 14738.0)	(35, 17303.0)	(40, 16324.0)	(45, 14852.0)	(50, 14524.0)	(55, 14937.0)	(60, 15002.0)	(65, 14684.0)	(70, 14417.0)	(75, 14188.0)	(80, 14096.0)	(85, 13606.0)	(90, 13571.0)	(95, 15022.0)	(100, 15264.0)	(105, 13491.0)	(110, 14097.0)	(115, 50331.0)	(120, 63356.0)	(125, 17193169.0)
20150415.B-CAMA_reseq_4_R2	(0, 308.0)	(5, 328.0)	(10, 334.0)	(15, 340.0)	(20, 354.0)	(25, 407.0)	(30, 14728.0)	(35, 17263.0)	(40, 16321.0)	(45, 14843.0)	(50, 14544.0)	(55, 14959.0)	(60, 15026.0)	(65, 14692.0)	(70, 14412.0)	(75, 14189.0)	(80, 14066.0)	(85, 13606.0)	(90, 13574.0)	(95, 15023.0)	(100, 15230.0)	(105, 13465.0)	(110, 14097.0)	(115, 50487.0)	(120, 63113.0)	(125, 17193758.0)
20150415.B-CAMA_reseq_5_R1	(0, 795.0)	(5, 431.0)	(10, 428.0)	(15, 492.0)	(20, 458.0)	(25, 481.0)	(30, 20079.0)	(35, 23798.0)	(40, 22566.0)	(45, 21050.0)	(50, 20335.0)	(55, 20254.0)	(60, 20558.0)	(65, 20101.0)	(70, 19850.0)	(75, 19368.0)	(80, 19131.0)	(85, 18452.0)	(90, 18625.0)	(95, 20233.0)	(100, 20005.0)	(105, 17817.0)	(110, 17881.0)	(115, 62429.0)	(120, 77463.0)	(125, 21192318.0)
20150415.B-CAMA_reseq_5_R2	(0, 368.0)	(5, 411.0)	(10, 436.0)	(15, 445.0)	(20, 466.0)	(25, 476.0)	(30, 20064.0)	(35, 23785.0)	(40, 22531.0)	(45, 20955.0)	(50, 20344.0)	(55, 20356.0)	(60, 20535.0)	(65, 20089.0)	(70, 19880.0)	(75, 19336.0)	(80, 19171.0)	(85, 18499.0)	(90, 18604.0)	(95, 20360.0)	(100, 20020.0)	(105, 17788.0)	(110, 17838.0)	(115, 62235.0)	(120, 76685.0)	(125, 21193721.0)
20150415.B-CAMA_reseq_6_R1	(0, 935.0)	(5, 387.0)	(10, 401.0)	(15, 398.0)	(20, 402.0)	(25, 452.0)	(30, 19933.0)	(35, 23753.0)	(40, 22820.0)	(45, 21389.0)	(50, 20346.0)	(55, 20950.0)	(60, 20861.0)	(65, 20708.0)	(70, 20242.0)	(75, 19899.0)	(80, 19585.0)	(85, 19158.0)	(90, 19130.0)	(95, 20443.0)	(100, 20060.0)	(105, 18297.0)	(110, 18470.0)	(115, 56450.0)	(120, 69577.0)	(125, 18273069.0)
20150415.B-CAMA_reseq_6_R2	(0, 362.0)	(5, 378.0)	(10, 421.0)	(15, 409.0)	(20, 429.0)	(25, 418.0)	(30, 19975.0)	(35, 23723.0)	(40, 22836.0)	(45, 21397.0)	(50, 20407.0)	(55, 20955.0)	(60, 20826.0)	(65, 20701.0)	(70, 20230.0)	(75, 19874.0)	(80, 19594.0)	(85, 19203.0)	(90, 19150.0)	(95, 20573.0)	(100, 19971.0)	(105, 18291.0)	(110, 18480.0)	(115, 56069.0)	(120, 68967.0)	(125, 18274476.0)
20150415.B-CAMA_reseq_7_R1	(0, 1152.0)	(5, 448.0)	(10, 552.0)	(15, 502.0)	(20, 506.0)	(25, 571.0)	(30, 20902.0)	(35, 24707.0)	(40, 23048.0)	(45, 21741.0)	(50, 20772.0)	(55, 20974.0)	(60, 21086.0)	(65, 20734.0)	(70, 20157.0)	(75, 20298.0)	(80, 19476.0)	(85, 19331.0)	(90, 19022.0)	(95, 20563.0)	(100, 20297.0)	(105, 18295.0)	(110, 18892.0)	(115, 63848.0)	(120, 80152.0)	(125, 21956225.0)
20150415.B-CAMA_reseq_7_R2	(0, 403.0)	(5, 509.0)	(10, 489.0)	(15, 475.0)	(20, 496.0)	(25, 526.0)	(30, 20895.0)	(35, 24705.0)	(40, 23114.0)	(45, 21726.0)	(50, 20769.0)	(55, 21002.0)	(60, 21123.0)	(65, 20752.0)	(70, 20171.0)	(75, 20300.0)	(80, 19543.0)	(85, 19357.0)	(90, 19095.0)	(95, 20741.0)	(100, 20368.0)	(105, 18282.0)	(110, 18893.0)	(115, 63936.0)	(120, 79258.0)	(125, 21957323.0)
20150415.B-CAMA_reseq_8_R1	(0, 761.0)	(5, 433.0)	(10, 460.0)	(15, 461.0)	(20, 466.0)	(25, 498.0)	(30, 20635.0)	(35, 24521.0)	(40, 23038.0)	(45, 22309.0)	(50, 21223.0)	(55, 21345.0)	(60, 21818.0)	(65, 21365.0)	(70, 21022.0)	(75, 20358.0)	(80, 20145.0)	(85, 19990.0)	(90, 19806.0)	(95, 21473.0)	(100, 20924.0)	(105, 18715.0)	(110, 19043.0)	(115, 64601.0)	(120, 80823.0)	(125, 21881021.0)
20150415.B-CAMA_reseq_8_R2	(0, 386.0)	(5, 446.0)	(10, 460.0)	(15, 477.0)	(20, 504.0)	(25, 486.0)	(30, 20680.0)	(35, 24516.0)	(40, 23062.0)	(45, 22284.0)	(50, 21246.0)	(55, 21330.0)	(60, 21813.0)	(65, 21365.0)	(70, 21012.0)	(75, 20359.0)	(80, 20121.0)	(85, 20038.0)	(90, 19852.0)	(95, 21599.0)	(100, 20902.0)	(105, 18688.0)	(110, 19043.0)	(115, 63966.0)	(120, 80176.0)	(125, 21882443.0)
20150415.B-CAMA_reseq_9_R1	(0, 594.0)	(5, 392.0)	(10, 432.0)	(15, 417.0)	(20, 433.0)	(25, 455.0)	(30, 19433.0)	(35, 23213.0)	(40, 22036.0)	(45, 20996.0)	(50, 19915.0)	(55, 20639.0)	(60, 20516.0)	(65, 20222.0)	(70, 19750.0)	(75, 19413.0)	(80, 19230.0)	(85, 18572.0)	(90, 18273.0)	(95, 19642.0)	(100, 19050.0)	(105, 17269.0)	(110, 17364.0)	(115, 54675.0)	(120, 67562.0)	(125, 18582187.0)
20150415.B-CAMA_reseq_9_R2	(0, 319.0)	(5, 428.0)	(10, 405.0)	(15, 417.0)	(20, 402.0)	(25, 406.0)	(30, 19447.0)	(35, 23230.0)	(40, 21993.0)	(45, 21033.0)	(50, 19920.0)	(55, 20633.0)	(60, 20495.0)	(65, 20239.0)	(70, 19747.0)	(75, 19339.0)	(80, 19254.0)	(85, 18558.0)	(90, 18230.0)	(95, 19721.0)	(100, 18970.0)	(105, 17235.0)	(110, 17310.0)	(115, 54595.0)	(120, 67361.0)	(125, 18582993.0)
